
0.3077782955031958 -3.2698867179350684 -9.445269364750217 0
0.08665721208723601 -0.7382344058395849 -9.972336761743856 0
-4.4252012182684295 -4.803542152234588 -7.572554190597853 0
-7.873090458704529 -5.7823273539465365 -2.139891819895894 0
7.630977464916119 6.461741235364195 -0.11867239416292197 0
-5.396832686020794 -8.159688949087895 -2.0721180500228398 0
-3.650515572115939 -9.276576525538728 -0.7866791109231763 0
-5.0582143857448045 -6.947900128626871 -5.112841776397056 0
-7.9547622061631005 -5.502716663680496 -2.5380834428072174 0
-2.3126815673815715 -4.69418719202478 -8.52150870293072 0
-3.0127677841235694 -9.090996031076848 -2.8769813071850425 0
6.1378275199159935 2.838369331757426 7.366867235962706 0
-5.4816057907661175 1.26310669629054 -8.267802575559323 0
4.106689152179318 -8.554978953883142 3.1539561357110246 0
0.9859898623495584 8.095227841319394 5.7874960206009 0
-0.7066227763154186 8.523958316865567 -5.181005584279044 0
-0.5865853696239186 -9.739043250547422 -2.192476720083909 0
6.311760579344754 7.631512322236047 -1.3862532469173616 0
-6.7022184826301165 6.816955170623925 2.934176138679303 0
-6.941868147236711 -6.654588812808936 -2.7435222541139503 0
-5.908219391546414 6.794495100455574 4.350606848617802 0
1.7713834170254579 8.407058444686303 5.1169882838947265 0
7.50124454515128 4.384509738859578 4.950495391744514 0
3.5220901467600854 8.977786329894752 -2.6446613418073817 0
5.643239274400579 -8.212688392336432 0.8399999180031203 0
6.018581459077951 2.2425049046521344 -7.664714539567292 0
-4.944395378796159 -8.621404819643608 -1.106495943944279 0
-4.58001234755352 7.596145972128445 4.617580888990911 0
-0.5925693122615528 -8.302411733573749 -5.5424562259329395 0
-1.0201676838231293 9.82723045111539 -1.5442796241462853 0
-0.3094711900823745 8.627116793746701 5.0474828785804355 0
-2.1695552392043997 4.482547957901525 8.671781470329705 0
-9.949308167129905 0.8984727092852725 0.45167885289412624 0
-9.28180903108304 -1.7623873578713944 -3.277500863664329 0
-5.276665132797296 -8.483935148097324 0.42385077468389154 0
-1.062016221728189 9.40632965981247 -3.2238306214375423 0
1.3979524849605576 6.6443704285223495 7.341530525603659 0
4.466494469725402 0.2580241867306277 -8.943369089497224 0
-6.535503405032555 0.6195486717985813 -7.543431227636432 0
-3.100944436005377 -9.469833744414704 -0.8404715687945052 0
-5.045408316441843 8.60787003362545 -0.6696479706476266 0
-7.757890013567187 6.067067308803046 -1.733734930099724 0
2.0831517242611013 -2.152753788267962 -9.540761501096542 0
2.887433103535388 8.029362469056448 5.2146014625391786 0
-3.682004267483687 8.922100179833455 2.615143008565257 0
-7.210863275266019 -6.507900184142424 -2.3771171655303025 0
-2.249757353074936 -3.5188994318778417 9.086029861309893 0
-9.050783353625183 -3.8363579694300616 -1.8345784845930457 0
5.054047270251933 8.54601362725184 1.192584283346394 0
-2.3377883318462795 -7.945688901917121 -5.603639316500885 0
2.349576138194763 4.323738646495508 8.70544519755463 0
-4.916448494334107 -3.4184979282997885 8.008895436748437 0
-7.095429385576027 -4.647958343551802 5.296353941242162 0
4.749482873170535 -8.555136132057385 -2.062051939070877 0
-9.804566662278262 1.8621997524637606 0.6345743824530237 0
-5.302153701369913 8.032340975730266 2.7145284262011127 0
3.8012911259444984 2.1904524301592905 8.986217442674358 0
-5.745467259997384 -6.170198493755958 5.377569758910603 0
-4.686988865247043 8.833485611941672 -0.040832838129363225 0
9.376769673169296 -1.862335139801231 -2.9339220036316793 0
3.503350335985751 -2.337214619417549 -9.069948414744673 0
8.0835009464491 -4.5826038349882605 -3.695504639465008 0
-8.518485261925877 2.4141074754401646 -4.648386165044331 0
-4.926792375224988 5.919774027147991 -6.378322064534605 0
3.852454716884724 -2.2301367909645435 -8.95461236167926 0
-6.508023485565799 6.476400176601683 3.9625586511542887 0
4.369308526634725 -7.761561858430676 -4.5461302793509155 0
9.90810032992726 1.3036114670915628 -0.3607561433471562 0
8.071308493068054 -5.777872982214164 1.2125027880904504 0
1.3108034515675349 2.4688011786249757 9.601396515704295 0
8.331545441200513 4.823730609068303 -2.7049904939478986 0
5.116690179172119 5.326878101190081 6.741205478653292 0
6.072244363492889 -2.778373162819837 7.4436879944118655 0
-3.2554516233801185 6.062431070453211 -7.255960601039348 0
3.4832140570330132 7.528521842950636 -5.584673552957485 0
-7.972947971135724 1.7256832034190013 5.783953503530286 0
-6.473038180503099 5.312778363163348 5.465726189414585 0
6.324342257454111 5.577408223060604 5.375426729471455 0
-2.5731055281064625 -8.230246645694285 5.063809642183042 0
-7.911775686143104 -4.948538264533199 3.5938523253753196 0
4.095245180915574 -0.14848382440021748 9.121782691013816 0
8.51461892588278 3.912500572266873 -3.4919341086295086 0
4.300171710249718 5.724663280117905 -6.981171362431788 0
-2.660391990934319 -6.18554135850652 7.393334332814785 0
0.7844533295919659 -9.21709338627252 3.79866061690479 0
0.08046672590218974 2.402044688641198 -9.706889636737053 0
5.489968543173473 7.69857376114142 3.254567166188249 0
-2.7228512371365383 0.7635060840477681 -9.591826708195164 0
0.7000197171518369 -9.77082422604331 -2.010215495752594 0
7.3125708505236995 -1.0134958476939901 -6.745304568570505 0
-1.1174653795426501 4.058210162727683 -9.070953720566397 0
-2.2267607374530987 8.319060569322284 5.082791345519164 0
-1.1578212492190803 1.5380272888790216 9.812946652943763 0
9.686453237349754 0.7618869296671951 -2.3647731364845015 0
-9.163940138041541 -1.8538815279024 3.5475800804059987 0
-6.137052803053049 3.739110221774962 6.95382180113617 0
-7.6831964599094915 1.6040757002314616 -6.196404869467553 0
3.915535362396327 5.6034266242234585 -7.298643222734453 0
-3.2355500703934057 -6.642225299394742 -6.738846994409182 0
0.30140326832880315 -9.373523830714563 3.4707646225099875 0
-0.26317108920546983 9.336148968516603 3.5731027714680685 0
-5.473098752080824 -7.503343589234307 3.7074283582920042 0
9.38552147576284 -1.2475873452755615 3.217998204459225 0
5.3282337263076975 2.2144592179664695 -8.167379979516108 0
-2.3246123473805187 9.514859992679835 -2.0158414506371103 0
-1.7021065294923017 9.430801760111136 -2.857063444123067 0
-7.4807965461233525 5.86147563158188 -3.1113962229006975 0
1.5393076921757167 -9.084899410728806 3.8852457484370384 0
-0.28188626657329785 -9.95879323984048 -0.861961332557859 0
-8.456523078121371 5.337303962354918 0.02009583616431998 0
-8.99695752127348 0.13003889989770295 -4.363237931274662 0
-8.403301188093055 -3.996989069814274 -3.6617765521641354 0
-5.540959914398375 3.085053584533395 7.731766137667901 0
-8.741688056683016 1.9276071768406564 -4.457266033280705 0
-2.1840634827489405 4.247829063732732 8.785545796854631 0
5.997768076892173 3.899805713598636 6.987008908824761 0
-8.582117723496292 2.7581857728533494 4.3289336588217875 0
-4.967642498203019 0.0884475418247836 -8.678404521707456 0
4.360855108139863 -6.825532220920229 5.864729544232217 0
-4.306341534055989 -8.218429103333214 -3.7299927165545443 0
-6.530213376251831 -7.402359835349604 -1.6004318569138243 0
-1.4464993069494994 -7.631467701219603 -6.298280755907646 0
-4.415963515294356 0.6434143173473188 -8.949038174453252 0
-4.040822333818134 -1.4148387263870075 -9.037144806012138 0
8.183712725905961 -5.469694189988907 1.7633183172208056 0
4.601029256459654 -4.533452513676014 7.6340250253353865 0
-0.39666162102933916 6.092415610459233 7.919919923069616 0
-0.47649788723921255 9.988244148159296 0.08904268761753986 0
-3.5657969107763225 4.227246451407606 -8.3315952752255 0
-8.65742214707474 -2.3705585830238665 4.407889945517205 0
-8.747640047476 4.588103659430059 1.5582356722006363 0
8.604346058804454 -5.042472547064639 0.7339615197240956 0
-8.429008790771597 5.128924792410713 1.62663495563383 0
5.804257977625891 8.118108272289765 -0.637892944424614 0
-1.6692895316751046 7.71394741362125 -6.140723716250873 0
-9.44560301386687 -2.308074240739498 2.3352466686977436 0
4.162608142402296 5.50959331791952 -7.233054328839421 0
0.9902757163389133 -6.706564624011737 7.3512818575799255 0
9.23490437874155 -3.8334349322256758 0.14600594471485095 0
-4.607664952562148 8.766917077510282 1.3822404425384982 0
1.3898689447824295 6.6736568435635855 -7.316458750699432 0
-2.740933264148709 -9.613172392418749 -0.27239933025084984 0
3.21488231709315 0.1811081142189268 9.46740363236964 0
7.7996220598729495 3.4418728231322464 5.226797029972266 0
-9.713986594811777 1.6440688759448177 -1.7133306648066027 0
3.5334611868117074 -8.719902890758037 3.387911689676224 0
8.287674935193749 -4.749722373226849 2.95881421279363 0
-0.938071996488457 -4.587169846066843 8.8361696301474 0
-3.6968903970701765 1.8737445697375605 9.10066385927034 0
9.60722770062908 1.1376948126624322 2.531170958569622 0
7.571992759531519 1.38858140130883 6.382536121444316 0
-7.745527767123651 0.8439524080880982 6.268536028579465 0
3.076009154664972 -4.405360000252291 -8.433917888419025 0
-1.7410340552244254 -9.816128634658153 -0.7825720710535444 0
6.495170048100261 -7.38208155119961 1.821438447408974 0
1.6614096419186088 5.127748304922771 8.422939826634257 0
1.331808179801898 -9.470463339531987 -2.921747954015439 0
0.19592157678990776 -6.740299413590681 -7.384441654647782 0
-9.028608783984051 2.2844478929215213 -3.6421863283325373 0
3.8139724195036133 -5.74597434940641 7.241366801870304 0
9.825770646856162 -0.4972720617109253 1.7907963848583108 0
0.17587593220850362 1.560317780566194 9.875954438945067 0
-4.625835605852728 -7.377339287412426 4.916961458667968 0
5.8434924032977795 0.4044023078334188 -8.104940179052535 0
-0.4402688753041067 -9.639347211249722 -2.62471877701415 0
3.689986090242056 0.4845474037633829 9.281660221497354 0
5.441719547161286 6.0153424211494855 -5.848362499568765 0
-6.967871604022172 0.02545116785595752 -7.172734314605291 0
1.5669114887756808 -3.1324318838746446 -9.366571351312514 0
0.8181270005371617 9.933550039155474 0.8094762693163671 0
8.374480555740925 -4.341335340083916 -3.3197715111820036 0
-7.40994777378985 -1.3253452717593064 6.583018600940765 0
9.017938319085419 2.855427316966805 -3.2439672178816226 0
2.3493672287655296 6.891163363092975 6.855095996962238 0
9.189016094146552 -0.06339675976500846 -3.9443585121495928 0
5.444118186440078 -0.5335095194529875 8.371197331608272 0
8.416206955082075 -4.9458014387508085 -2.169448920274122 0
6.051753820013808 -7.203505810211345 3.3890676806755704 0
-8.997526856950664 -0.5990490174257229 -4.322690219431968 0
-8.387452781645118 5.044233796517057 -2.0509366742414747 0
3.3698221388349063 5.2619701542102195 7.807430361445373 0
4.110520753282243 -9.107996945748528 -0.3847216826116018 0
-0.33053571692608136 9.065629286332372 4.207744262978556 0
7.801059407780697 1.099072407828666 6.159181111042765 0
-5.9878257924455625 1.8354831331219934 7.795956897478868 0
3.814897357619472 -9.06987516215384 -1.784354979753986 0
1.042578881353626 9.635800395969017 -2.462596192070221 0
2.8512275750730525 8.063002721165994 5.182517576777991 0
-4.236544187860903 -2.064031892313864 8.819947034524258 0
4.536802248089781 5.700211178889515 -6.85018378423459 0
2.2331526077753265 1.160801462565301 9.678097405734896 0
8.454781483582487 4.6961154544797505 -2.542276480453529 0
7.663683738599304 1.1400085976384506 -6.322051245603677 0
9.845403006140534 -0.5855758814702448 -1.650799967809331 0
9.552878536894761 -2.232580437501807 1.9385809886150374 0
-6.784792955591671 0.29126674694468846 7.340418804937352 0
-9.595262408448974 -2.644693595429356 0.9677474356984539 0
4.874862010364637 3.663904648883106 7.925372111377258 0
1.5878991393639688 8.659408525320782 4.7427017948432 0
1.1932808115452693 3.3724978654047644 9.33821926561152 0
5.717332697366732 -8.135002428060133 -1.0648203243162646 0
1.7668117835262822 5.562440154670297 -8.120199236921726 0
6.682049622712501 -4.885540717569562 -5.61085597182619 0
-1.3415148886100026 -7.85219711507708 6.045108623475088 0
7.811298631161405 -6.2433068319590825 -0.06880041300027173 0
-4.688464396136293 7.133148308162266 -5.209270277104477 0
-8.758415941637724 -4.067447038737993 2.5973110673016664 0
-6.90919874882978 -6.817701769707564 -2.404561338060507 0
9.167096476888881 -3.5521946328366942 1.8292773091736625 0
-4.795053380620974 8.72566762774771 0.9328384249541943 0
4.325578019666848 3.6138612525963993 -8.260107846920487 0
6.783171014853102 -1.1313045968593007 7.260078573430302 0
-3.938930647905533 1.0881839784335043 -9.126920673484083 0
-6.4085349302186065 -1.0135759113190994 -7.6094246773433305 0
-1.6549616480599136 -7.72562205038339 6.129915650160347 0
-7.867088174464781 1.6978340064663522 -5.935173404516738 0
0.5152786591777011 -7.460535249462154 -6.6388931076594915 0
-8.598818935626301 -3.0014361196859896 -4.129369701511223 0
-9.748163107383682 2.0814971233856783 0.8004284834892372 0
-9.705020123498585 0.6273577501724624 2.3278759966514717 0
6.293938967063016 -6.565729429146151 -4.156624753586722 0
6.644055044769434 7.359848834372169 1.2996759970332872 0
-4.033376069066415 -8.183218527769325 -4.094729785010875 0
-7.90506684042793 6.124020366464508 0.07932716744403878 0
-3.698720032574277 -3.558413518732037 8.582375157865032 0
7.936023261033122 0.9907644488989741 6.003159218872938 0
-6.963239415648995 -4.977954367490823 -5.170422338216801 0
-3.214005070232269 -2.2154263612881753 9.20663116705729 0
-8.475890600224561 -5.12685820772211 -1.3691615868615936 0
6.588971523763611 3.903712170302482 6.430123292011167 0
8.228318025725418 2.765117290635804 -4.964766745432163 0
-4.503056207861584 -7.907802869179109 4.145978602337679 0
6.171784933124752 3.074839492410621 -7.242543257390066 0
0.3277747847975909 9.985348495446702 -0.430556749954214 0
-5.31057166851931 0.958937277265999 8.41892320025487 0
2.072039678465226 9.368104158611333 2.8187366042741124 0
-7.990348979275997 5.941917932001173 -0.9208335782028909 0
-1.488482393573217 9.810043581071154 -1.2439715034948295 0
4.101844178355011 8.02458103325768 4.333702063729832 0
7.021937838615891 -5.009367731449494 5.059508268767523 0
-3.2839864661726255 -9.075004086738316 2.6191093363351348 0
9.339418516942187 2.9746652766337704 1.9815721680995457 0
-8.501501658165566 -1.1577363954844409 -5.136547088733716 0
-6.808874093223398 6.711704435144561 -2.9312552188255614 0
0.9052208853147223 -0.39346907422704835 9.951168636718853 0
-3.043788969217913 -6.615645107394842 6.85336330015198 0
-9.541220378316105 2.98427422062658 0.24335379288002335 0
-9.83818692763416 0.7224703066575932 -1.6395470816437063 0
-7.825855537134857 3.5061752669387336 -5.14419285305312 0
3.737192669926348 -9.212696064615159 -1.0768575434444094 0
3.300210544365248 5.074168952029132 7.959988681469592 0
9.109560272721637 -1.2774433420657008 -3.9222506479652353 0
-6.897705822921322 -7.240066969002149 -0.055539758743896606 0
5.996660002127765 -3.3828160456452734 7.252353026446377 0
7.070903580079215 7.046095142389147 -0.5957061403267527 0
-3.0414687945526655 2.3927199852338266 9.220865395613636 0
-2.694003213192273 -9.300886114560464 -2.4971712338736536 0
-8.70512651896388 -4.833911922433128 -0.9241578950540075 0
-0.5373504099963171 9.907542297071167 1.2457367974907663 0
6.251381725086959 3.4879216585388044 6.982451505821199 0
6.996166995389311 7.047587916280066 -1.1769247787893966 0
-8.183794272328722 5.6684427381783555 0.9456575660315392 0
3.4913017411686367 8.489082221397986 -3.968160177016231 0
3.812681920526693 4.498062679420583 8.076564164599487 0
-1.1527353306077432 -9.84932583768869 -1.2891787310557956 0
-9.881926055160333 1.5229230314913074 -0.16805618256000576 0
-8.254074295244148 5.353252617813579 1.7924686715426463 0
6.6538549867208125 7.103660802772907 2.2943881569687274 0
-2.812419770554959 -5.85834037202771 7.600667281210369 0
-6.768626182161535 5.665930725658295 4.6992476651266895 0
-8.180149479946534 -5.224429981373049 -2.4063428383048113 0
-9.517394171222666 -0.6916439919317139 -2.9901232044853265 0
-3.6853295756093645 7.718440573136681 -5.181121600396617 0
1.5428881733581115 8.754039219961799 4.581079940350559 0
7.4837284087911 4.137901196066391 -5.183780743342195 0
-9.327381857683198 2.6083572641163055 -2.489260947288176 0
3.7259362122548376 6.953734582458502 6.145158639036811 0
1.0831946204296492 -1.2693167115470465 9.85979332948007 0
-3.6721267421159927 -7.6703812941510785 -5.261248520282407 0
5.485828202310933 6.510538916971305 -5.2458147074913075 0
1.8566268809401152 -8.479788613837034 4.964486044860069 0
5.921630582896572 -4.7316215297780975 6.5227332414137855 0
0.6278210538264729 -2.1985360961230196 -9.735105534015354 0
-2.7036356219185316 8.999168545540986 -3.421303832289513 0
3.4279825224215554 6.7783694209590495 6.504048263887626 0
-4.870605044234403 1.6972160517481445 -8.567185312386258 0
8.233936606985175 2.057171591806452 5.288698610623788 0
-6.466061297585196 -1.0601542749785384 7.5542123486909984 0
5.021117915762035 -7.706219799981799 -3.9246084225540234 0
1.9636768833858256 -9.419082285042277 2.724859997368463 0
-1.6733207136207464 0.26490679510111104 -9.855446320653217 0
-5.160890751835146 4.294729480977285 7.410837019719638 0
8.218087355013537 -0.03089136190644142 -5.697550872886188 0
-9.367920528740708 1.669793511976683 -3.0747121157205903 0
-8.216941425545704 0.41591359328848043 5.684090911664661 0
8.15733802642 5.604800282241882 1.4297028078952678 0
-4.825977770583645 -2.9294398725642328 8.253988162752801 0
-4.493046951634712 -6.773974979952591 -5.824585140710223 0
-8.541040381808186 -2.444389248807416 -4.590815874834949 0
3.8407819008235826 -9.104891130166571 -1.5327595695738139 0
-1.157215529442743 -4.765513679766686 8.71497169165644 0
-7.695740898214933 1.1873995071947379 -6.274205482597434 0
3.4247766954099434 -8.11835516247846 -4.728976003580085 0
5.331919662240516 6.462864214755904 5.459122535448396 0
4.571207542889735 -5.372082937093694 7.088355699089515 0
6.558874846590427 -5.878789919271101 -4.735080762969082 0
-9.584002523122301 -1.8131438918212075 2.2044057848628573 0
-5.709524440014762 7.075052593111541 4.164728259272119 0
2.539598418728268 6.584858462080717 -7.084495670544014 0
8.528984313242212 -4.3321329416839465 -2.913597563158832 0
4.767079167123755 -0.07583278485138022 -8.790290416312557 0
1.756547144864184 -9.758167878144466 -1.3010387349418195 0
-0.8700350107466224 -0.03740407632021985 -9.962009838137572 0
-2.288374897311098 -8.410154227993088 -4.902310291151142 0
6.622196299788538 1.9547493506892246 7.233634711750867 0
-0.0028598207550719203 -3.3718127290368187 -9.414396992995915 0
9.040734630939468 4.259597552192908 0.34777295220296933 0
-1.8975346226602592 8.099426591783574 -5.5496532540434185 0
-4.932533278746705 -2.765898585940967 -8.247419018477602 0
-7.870811280435514 -5.785003090212326 -2.1410439122079916 0
-7.729262780728643 1.9542526010887453 -6.0365050846976676 0
3.7157344210921543 -9.250016896840155 0.7940435253073885 0
-0.07014398636113761 -1.6773950190854692 -9.858063997110417 0
0.7786303240681848 9.897208900438164 -1.1995794261027837 0
1.5286578528941432 -7.362870256572432 -6.591763554138308 0
-8.107189345662476 -2.225784229593575 -5.4147359563389035 0
5.195265506885006 5.464810977692592 -6.568489726798803 0
3.802122973766993 -6.183741651156952 -6.87787758571639 0
1.8685755121873706 -7.544778637952757 -6.291640553905273 0
-6.10795481791711 6.842168713301069 3.9846725387423176 0
-7.120833864199032 0.9919650922600329 -6.950520148464705 0
0.6566519406201509 9.875121708311847 -1.4320542849025975 0
6.706896015867708 -7.269843312149332 -1.4720475702692215 0
-9.621494194457522 -2.3930621831727787 1.303879922956308 0
-6.110626702809436 -0.0706641971298581 -7.9155067980614024 0
8.2086096886636 -5.012354693847527 2.73770476900683 0
-6.866461480809434 -0.43050332484941894 -7.2571601622021475 0
7.124420150975333 -2.7701699619154585 6.447386749255695 0
-8.78439609544783 4.600860294846864 1.2909181947678028 0
0.09030641468737645 -3.431261980922851 9.392458994839409 0
-5.319391777941075 -5.519403670861083 -6.421857537415332 0
3.176348626740457 -9.313236389353214 -1.781695079813359 0
4.894091029103466 4.460578871889295 -7.493404374948933 0
-4.356163712670203 8.885949927415508 -1.4365693842901184 0
4.354916464646134 4.6357913399729025 7.716485031294122 0
7.433243112332624 5.0552000111807605 -4.380850337539237 0
-9.64029646948787 1.1888675733667629 2.3772416522887863 0
-6.536326943703181 -1.3004473544293391 7.455552747005251 0
0.3240714489458696 8.670034043805803 4.9724729637501826 0
1.111439683700592 9.068282904798648 -4.065826728727151 0
-7.0840131221083515 4.64632938931383 -5.313038800140204 0
7.357995503382452 4.660110892805256 -4.913580022647583 0
5.981990040715967 4.035446776370385 -6.923219227198922 0
-9.039000377441686 -3.755100188252155 -2.0483395111156977 0
5.759282263663562 -5.362694261439129 6.170265639806615 0
-5.213932625819135 -6.75429733411134 5.214822537329072 0
-8.016176987622472 5.038842626815526 -3.2172925706716082 0
-6.8083995360838205 -6.3025097232774785 3.7314966092770963 0
-7.383536545877183 -6.490563356032261 -1.8319321485871831 0
-6.834790832741979 0.017647425197057164 -7.299679639617764 0
6.818534141742104 -0.8031987846022817 7.2706577329916104 0
4.279448355481245 -8.258071773129835 -3.6729514511636463 0
9.350992979923147 1.0852479014930712 -3.3735985655873324 0
8.907433542126832 0.8972518030791122 4.455621942497492 0
6.245869995189187 -4.565027324317193 -6.336373847196269 0
-1.006735006638598 -6.429148241732252 7.592926808039142 0
-8.812018841119801 -3.0257369493414026 -3.632249971730992 0
0.5275469567842935 9.275754021214578 -3.698929783911722 0
-2.7394589435466923 -3.0523754930251554 9.120217571209663 0
5.853083944355131 -6.846099991261701 -4.344228729012634 0
7.178071571308755 -6.952681137513013 -0.36812160659191573 0
-8.872099433583049 3.7544942134990515 -2.6813475793745023 0
5.4031279394694405 -8.385103784302538 -0.7044451690514686 0
9.390745730384007 1.8668270063103294 2.8859749749062225 0
-3.8093466549983788 -6.926187668767759 -6.125096116720298 0
8.38610247035257 -2.8638545402481093 -4.633748215974494 0
7.2716503520753815 -4.125221716435782 -5.486861302002137 0
-2.991743443097162 9.344532942431185 -1.9311072622988945 0
-5.66922909905453 6.065850945767118 5.573624828257595 0
-1.2645278492780334 -9.756101942659168 1.7942809709859553 0
7.728845773354465 0.05036824911259349 -6.345266428699599 0
3.7069857575602287 -5.305978715884758 7.622653505166266 0
8.055187133134925 -5.523849653459317 -2.145004721709236 0
-7.344561301745021 4.970409188856974 4.6208713226225715 0
0.39176692004267183 5.160347769935671 8.556712544761583 0
-1.8723698899801797 9.46205022918291 2.638908193839875 0
4.300762878436765 0.2996391975743803 9.022951568901236 0
7.896733529587218 4.96274893639143 -3.6073151452345753 0
1.4473435960915126 6.081663643802812 7.8050345187257175 0
-6.106895052947694 7.4166014414574235 -2.7748614147114914 0
7.8323069339042695 5.074342208377162 -3.5924948497384213 0
1.3507724620933195 9.903838726220469 -0.29898535192560916 0
-7.731014603016938 -2.83200037949151 5.675490028050336 0
-4.479234687586657 -0.1132209797417714 -8.940002104209304 0
3.952025126204892 9.183194120973381 -0.22459549943207646 0
-7.395984425345601 6.5812306903891695 -1.4095449549145278 0
4.635736019260907 -2.1841318535009338 8.587171804863905 0
8.56931934492342 -3.9795078364261123 3.2757111204354405 0
6.567433181113607 -6.576949921325239 -3.6895190938641242 0
-1.4159988776156551 -9.79744578946971 -1.4159813490980167 0
5.76458683081457 -1.9282688719417787 -7.940485994414928 0
-1.1438665471803926 4.93765153723485 8.620392486371136 0
3.9424024190504676 6.527620253348817 -6.468974957003262 0
9.594807703905738 -1.967025020733253 -2.0175424884944726 0
-1.8528756759768985 8.735968727595653 -4.499966902083163 0
-4.402185769912236 8.901701019020145 -1.174938047370142 0
-3.9005149134816848 -8.926240285751048 -2.2601366708104265 0
-5.7102080762866025 -5.839839475141844 5.769731244181681 0
-5.424811829956946 6.417811532837202 5.420619128710388 0
0.5712476584709534 -6.928882299743694 -7.187785903113002 0
-3.9878273756648692 -3.893238565201398 8.303007063487687 0
4.229985790550629 -8.285006363605708 -3.6695898635614177 0
-9.043107095484 0.9824355628209778 4.154158690338101 0
0.5134060692957405 -1.8405707051471143 -9.815738061264907 0
5.5440246222297604 -3.3105569499783 7.635705839610411 0
-3.4782877225110553 -8.647151504711823 -3.623297582864109 0
-3.877388582507238 -6.032129847091699 6.969882874774007 0
-0.3963284455057589 5.702488079032321 -8.205154079709732 0
-2.1602028339072072 -2.6853559184331766 -9.387352518560022 0
-3.1716527561511993 8.804124127171594 -3.5253392954088136 0
-7.687846974440484 -4.148045927396838 -4.867311771583241 0
4.760105148584081 -7.665797923488377 -4.310097582499104 0
8.703649091533624 4.505083769673321 -1.9876399874403727 0
0.26836851711839144 -9.249115788747728 3.792339049367446 0
7.6352814646736356 2.8172544240684956 -5.810813580323993 0
-4.725840510058236 7.374758025699397 -4.824870520115006 0
7.136040680073891 -6.508805561698666 2.590824882606131 0
4.4366324600505544 -8.955488237621953 0.3398865108247362 0
-9.337500292561648 -1.5979505315821112 3.2027554363434585 0
-3.864210114001594 -3.4880430074742517 8.538233785324561 0
-8.55065765748117 0.577418127998888 -5.152944976420466 0
-5.397954931741225 6.865472126462018 -4.87107534694996 0
9.474493434156482 1.4092938291606296 2.8719096554758594 0
-2.4534073710315574 8.52712122811424 -4.6118321557502 0
7.999984098718307 -2.915764775255269 5.2439079125814985 0
9.385744357063993 1.4842185954308267 -3.115268531735065 0
8.241622630719824 -1.9292188311143368 -5.324825923396999 0
-6.701834245379059 7.341816665592744 1.0877250554662776 0
2.32209010544115 -2.583893583684974 -9.377173960762589 0
-8.243072078508494 5.195269646869997 2.2496524186693723 0
-4.439502704630492 -7.004831174194282 5.587768423674562 0
-5.6937383207646555 5.122386663559614 6.429813279065161 0
-5.425161287486438 -6.903254216240601 -4.786721866864092 0
-1.7326388909822124 1.5578353959879871 -9.724767933090376 0
-9.349685852551502 2.148183216166495 2.82288563855833 0
-9.978541065900187 -0.5167571876375344 0.4020947713767642 0
-9.396331059977411 2.9263639963120838 -1.7735152585732572 0
4.77537165138934 -7.1218849034067935 -5.145345567960762 0
7.08813034308603 7.013928099667078 0.7504804142172383 0
-7.770157268596157 -4.774269100998101 -4.10256146480916 0
6.059367799316567 6.743835618633548 -4.219566686456677 0
7.362340646804189 0.006718791136540567 6.767266439136302 0
-3.638490272480515 -3.8026100892008907 8.503031520967816 0
-1.372238721772773 -8.920383017209325 -4.30624287712048 0
4.723746162475272 8.112872240708676 -3.4449276042376753 0
9.185164061544793 -0.4177602046313245 -3.931696526174464 0
-4.217904763310861 -9.05068199713834 -0.5426184610897966 0
-3.640841652790028 -2.9857721493906624 8.822099338095908 0
-3.9501691289477754 -9.12916257927692 1.0269150178266706 0
-7.427959427702717 0.8149103409706833 -6.64539990343556 0
5.232921914233283 -7.310208277513769 4.379198919769031 0
-1.3429610417255657 -5.745851705012025 -8.073514960933545 0
-2.86065636298269 8.440993042165807 4.535006244211255 0
-8.48305581579169 -5.15630179383635 1.2042905949324734 0
-1.803621242610686 7.547118205903324 6.307769589904666 0
-7.060166331893356 -5.044685540749674 -4.97043249234417 0
8.458620188242215 -3.2832195368521666 -4.203833248821067 0
6.686292396958217 7.049235478947946 -2.3668065287894247 0
1.4238747501675217 9.435586368549831 2.990366294866229 0
-2.060192584294077 -5.173962514248465 8.305764168140787 0
-3.0727066237492795 4.838049953214454 8.194616931533098 0
-9.129761733172241 1.6954028958242284 -3.71120731249746 0
2.4930531726985707 9.669208925820241 0.5395225916824886 0
4.650406136743623 -1.7209577637392406 -8.68400985367721 0
-1.8079675462742448 -2.079070116225605 9.61294548010321 0
-4.4745293668677535 -4.261483808532515 7.86246416174047 0
-9.727057235098023 -2.0301378574304834 1.1237872685498784 0
-1.8782254359269595 -6.931680708305334 6.9587406741410245 0
7.010860186816198 6.394924666900938 3.154802362364 0
-5.276408069891493 -6.355030009219449 5.636764272337826 0
7.186546584791759 -4.791529318399499 -5.039324853146097 0
-4.070439268034954 -9.025238303576446 1.4059152637679273 0
2.671865605143861 8.818231263251237 3.8858630413162687 0
-2.9755163895668266 -8.710163330990717 -3.9088818046704743 0
-2.749315528079999 -8.764804049600567 -3.952148036089196 0
-1.2440584281510496 -3.062823203510482 9.437766295654079 0
6.884680893171344 -0.21320542199601142 7.2495318777996225 0
8.57604628999689 -0.23045694626317711 -5.137929507861081 0
-0.11881845296133262 6.621903565223639 7.492414520574416 0
-1.9020911230741118 3.819600616491981 -9.04393169423657 0
-7.333459462948126 5.210840438361545 -4.366636489477074 0
0.27109801169072845 9.938593048577834 1.0727879952803865 0
2.533585675878242 -9.6542681860182 0.613228681179756 0
8.572129203241206 2.9427747248631535 4.225952891555453 0
-8.726465019066211 2.9242397989290354 -3.911218463519164 0
-9.270440776752116 -3.7465499305289374 -0.1493031238295428 0
-1.863979497222859 -6.807616937471065 -7.083920670546071 0
3.039977997104585 -9.086145442397772 2.8636506031138276 0
6.975387846405874 3.79877250602574 6.075630982842535 0
4.191685470823954 8.347165128479695 -3.5713592974630726 0
8.481209552178449 -3.527659948279654 -3.9528091050973657 0
-4.232431894684929 2.5492413222850745 -8.694129567565001 0
5.043782385604344 -4.894334533405961 -7.1137717648078365 0
-1.7488242443494648 4.463942311375105 8.775809524088967 0
6.889066688770976 -1.493277520496713 -7.093016453135102 0
3.5148601835673516 -3.8545239937618136 -8.531611962078875 0
7.0022288022403 -1.0803473855906773 7.0570277969924256 0
-2.503520238027563 9.663740039986017 0.5869538800940499 0
1.518458261835213 6.6114291927981235 -7.347332069239904 0
-3.966595493613471 5.673224906205366 7.216691718069743 0
1.518105354835701 8.542243114351516 4.972468069976244 0
-2.0551746840036973 2.708450622657217 9.404283717692595 0
1.3909061387795636 -0.06637715547851643 -9.902574119204354 0
-9.68341845921086 -0.42162547081410395 -2.460414376924176 0
7.491184242240783 -1.3116476302851157 6.493207153847074 0
4.4157819392628825 -8.969391565691536 0.22557660823153025 0
0.14649378366743046 -6.890890233491391 7.245286147649363 0
-1.0692550341099407 2.649071806104027 9.58327252237644 0
4.825935049254742 7.752754067782801 4.0749423633779 0
-9.484670163113222 3.103332308150974 0.6405938511538811 0
-3.640511673525753 -8.704569020630654 3.313178673117372 0
7.818257788215302 -5.739536144922932 -2.435686761086897 0
9.52758335477952 -2.5526186500596904 1.6459931485567258 0
9.723223459734228 1.2854196015300021 1.9510566368192328 0
2.6195949571171884 -1.411150738923044 9.547061110765089 0
9.922514174401156 0.2690540125777783 1.2129807900885847 0
-0.4215797302183021 4.609094212704713 8.864452666097382 0
5.579075879844525 -1.092314154782012 -8.226831839426396 0
7.5511114864325535 4.510596653618136 4.757649960625017 0
-4.776661993591145 8.226507960340914 3.083515360336224 0
2.282868413994568 -8.4676033490513 4.805018764533717 0
-5.554360151509675 -3.0672200599531925 7.729246044158651 0
-0.18716315294823488 -1.0679244638715015 9.941051619101636 0
3.0376553827191914 1.3526648531371974 9.430956874619056 0
-4.932073581204247 7.234182273328261 4.831279025874025 0
8.059840774520117 -3.413180406804159 -4.836234713079087 0
7.792115478814079 -0.30784102983473755 -6.26004554817106 0
1.7724169191162433 1.217351407762941 -9.766094092053796 0
-4.802706633076455 -8.207774957743185 -3.0929660909307244 0
5.811255776277146 -8.068564564540866 1.0618720123070169 0
-3.753385907765958 -8.936267643027158 -2.4607346138033126 0
-8.287527242359912 -3.754171927272607 4.1500705232104895 0
0.8580384276129651 5.902107476759829 8.02676132630809 0
8.149926287947217 -5.794274864321435 0.07127620724838746 0
2.496142059686828 7.916804179756868 -5.576153369236412 0
-6.876143942126517 -2.952192727382423 -6.63349098043761 0
6.2796815140746585 -3.9806150111210474 6.68732414460573 0
-2.9259296995687083 -3.4547164837960667 8.916494233148446 0
-0.35093825531780803 8.973560231609515 4.399097533657406 0
-7.014746203217781 -5.696748146715577 -4.282568885299378 0
-5.215453200785582 8.514724077239965 0.5463714843267775 0
0.43790459296493034 -9.619706596961308 2.696198167019499 0
4.3806027103207565 8.52932875637197 -2.8391672828589387 0
-7.847523202591018 -6.176798725173846 0.5133586402178936 0
1.4329736197904652 -4.168849557852836 -8.97592780546807 0
-0.7906404919426891 9.218020423625124 3.79512675442214 0
2.574627407030063 -7.6227349393135535 5.938451461444982 0
8.337109822724832 4.935223810385994 2.4771285282004007 0
0.9138556743403996 7.621879488792789 6.40873005085997 0
5.6502516591703635 -7.9642806136316056 2.1552008016364343 0
-0.0451957783133668 4.7919524972634235 -8.776966936567181 0
6.008221414178686 7.93468243968369 0.9706132183212568 0
7.091660854998793 7.041113336504071 -0.36203494331664476 0
-2.7811711729863973 -0.13729933161235286 -9.604490397730025 0
-3.7323242582026395 8.344072841134379 -4.055391972852411 0
0.6136574330575998 9.875806726055583 -1.4463284773689877 0
7.876315682449996 -1.7796001713054166 5.898870612302154 0
-0.7055319861058404 -0.5212998460947502 -9.961449246321699 0
-0.2023982644136486 -3.850868314661011 9.22658377546653 0
-4.288301102178906 -8.78397554099493 2.110034917306818 0
3.322952304026349 4.241221726887307 8.424370970496554 0
4.0428973251724205 3.268388671214189 -8.542401109289614 0
-1.3812705912721723 4.779364618117737 8.674662264363434 0
2.4281436425319036 -8.494686497515115 -4.684487139502709 0
2.721639195397798 9.15720404323451 -2.956060588121292 0
2.035693432421781 -6.4496111575637505 -7.366034765423254 0
-7.539177117143848 -3.424904731287109 -5.606321073390442 0
-2.3027078252588744 -5.568784950053928 -7.9803615739855065 0
4.7615018552720905 -6.27143493572216 6.164187207511144 0
-3.285049268981368 -9.044842055777545 2.720162400740589 0
9.628519216057596 0.11026695294354563 -2.6980472392265775 0
8.557402442170645 -1.839018147452995 4.836204678885132 0
-1.6541757660834548 3.1702490485337655 9.33880203801178 0
8.98896006152911 -2.9922215234900342 3.2008135476152866 0
7.521076864895689 2.5784297114020687 6.065072383384214 0
-1.576099010583122 5.988501793889169 -7.851990714043485 0
5.064054723344119 -4.972354779427157 7.044929929139396 0
-1.5764746335688629 8.919330110502852 -4.237956831964094 0
2.1139530078520568 -6.089846833837409 -7.644930883990629 0
5.727089988130205 -8.098536906301847 1.2704881916514221 0
3.4513233168454827 8.468272646204364 4.046816743089023 0
-6.198368145355191 -0.7166469572849544 -7.814515306355236 0
-8.177789539516633 1.7726346830166426 5.47553874316846 0
-7.648635201046069 2.8101053676772474 -5.796696247335243 0
6.185951204253541 1.3533969011637723 7.739659199636277 0
-8.320837964379749 2.8135264286163615 4.779929351571415 0
4.64535424802845 -5.150574924670623 -7.203628381286631 0
0.9053178935270554 -7.074849865489602 7.009058345629711 0
-4.475048430974715 -8.757626328955066 -1.810503416959981 0
2.176094628430632 2.827942699465619 9.341699644960464 0
6.369382749847249 -0.37341240661518416 -7.700099126669356 0
6.909165685308549 2.838856392740927 -6.6486332365644 0
-0.7545588036653833 8.044609528096103 -5.891935043114143 0
6.225888414030194 -7.8132444706537365 -0.4376348910261063 0
3.1499706749470513 -5.690815553295802 7.595544949859767 0
-9.279356215632465 1.2296019401733822 -3.5187536560726995 0
4.21344029069882 7.38396702556752 5.2653539180236875 0
-6.497277084769023 7.010183973587689 -2.9398488294791036 0
8.123408935380581 -3.120809684957617 -4.926537747633084 0
-6.684156526594549 -0.3732130755349416 -7.4285101822797035 0
-9.869607728300236 -1.3366720682690247 0.8967447080332591 0
2.357587050384706 8.529506785559551 4.657176966248104 0
-3.3087025554903615 4.56790677014284 -8.257524758580793 0
-5.270033638312138 -7.320287899465541 -4.317421744513377 0
-7.634371519645785 -4.226036415548266 4.88436154624955 0
-4.209281572187241 -6.656250632401562 6.162489445402621 0
4.883306763251352 7.324523799708698 4.743908321572463 0
-1.66244463225559 -4.223313087254125 8.910662400277133 0
8.88216577888154 1.1159213179782226 -4.456663627484964 0
-4.709669284062693 -5.66088736958951 -6.765601926183535 0
-1.4940697907935205 6.519514642800091 -7.433954821126734 0
5.641377827852557 6.035509893473039 -5.6344899085190185 0
-1.0689737944450397 9.494740795613302 2.950795189589792 0
-2.2746702036246065 -9.434574418971115 2.41136496566535 0
2.925099061027316 8.681858708499705 -4.0086312936992545 0
2.952762048664557 -2.4225757301897892 -9.241878765460068 0
-6.958580162890101 -7.103713302195157 1.0561341945264124 0
3.387398641341573 9.28021356154144 -1.5502150485721566 0
-5.915593692229334 8.051654994697918 -0.4202417337825759 0
-7.375111514820082 -2.975165569006146 -6.062682573000879 0
2.4296904215360318 -7.4318959807532226 -6.234061804855657 0
0.46815836175496034 -2.698741547997488 9.617568393592585 0
-4.90590648278666 4.057509153680357 -7.711595233799031 0
1.5725388847767572 -7.050004970882834 6.9155297242071345 0
-5.560018000021129 7.790388566033084 -2.8975931097485064 0
0.4301033757890493 8.580596079448716 -5.117458549659604 0
6.36497804018436 -2.3328152610822253 -7.3515323236474135 0
2.577564885622185 0.8289717024375115 9.626472104409036 0
-1.0875295844886264 -8.947879017678703 -4.330443451639471 0
-5.42652705942238 2.226492097428042 -8.099107173846212 0
-8.26361479553203 -5.491219732636891 -1.2486698358506751 0
3.8285264612317214 -8.95930003809365 -2.2524049287514014 0
8.603044003104115 -1.4640555505983985 4.883049787316976 0
-0.6634477772315485 -7.941288529268982 -6.04117319250056 0
3.601627390051721 9.243800605163411 -1.25715174708934 0
-3.161997682879992 -6.917001005677168 6.492832027776679 0
-0.9502434322430706 9.867007556343644 -1.318787057313029 0
-1.799786963716965 -9.505657348060074 -2.5304634489567257 0
2.1545100872289886 6.136975514764353 -7.595763148967412 0
-4.8832423321360094 5.0105693066754835 -7.144798076127586 0
7.24395620065759 -6.886345704869336 0.3214675659877919 0
7.051038594046472 -7.017242710809831 1.0203722275980587 0
-0.3031946941563809 9.858001207363397 1.6516310644502918 0
0.9598309561076683 -5.752924380049657 -8.122966552505785 0
8.450461224174035 0.7885414782716245 -5.288469290425752 0
-1.3647241249755624 7.072433281853065 6.936729455330283 0
-0.17103607130268517 9.819069233212723 1.885901921015154 0
6.117688799216843 5.775547661483547 5.405269000324473 0
4.184526275864398 5.499205289121325 -7.228311077610073 0
3.159610376215793 4.691068293639131 -8.246862466109349 0
8.452726292303508 1.5720069499386464 5.106878927167315 0
9.401197962072592 -1.8697824760169024 2.849805321474126 0
-1.1817339213386893 2.7644610119807203 9.53736128352051 0
-7.62371870033992 3.666407514840681 5.332576217290024 0
5.202746687935765 -1.1426605503936662 -8.463199972099648 0
-2.5360206179252556 -2.622708908201867 -9.31074634002541 0
-2.8698585690965284 -4.521771921023185 -8.444968353263944 0
5.773697434656717 -1.7962343916198078 -7.964795034613299 0
-5.749823251369595 -1.81475216157801 7.977857304443186 0
8.570063513291961 -3.75104801590364 3.5332209328779918 0
0.6050867017176841 -6.950517194322606 -7.16408967104895 0
7.524509878210659 -5.660669168841669 3.367280156689607 0
4.196964151844647 7.415300488102689 5.234387316513267 0
7.302893837170035 0.6311965040063925 -6.802156465147949 0
-2.8984158136402662 -9.489197341158894 1.2467235426440926 0
-0.013475749421317039 -9.809387915309843 1.9431230355154416 0
0.4507897478655627 -2.045318735220018 9.77821353185628 0
-1.791175840866924 7.2804113663031265 -6.617197249931341 0
8.826592468646645 -0.882053964845495 -4.616627144954495 0
5.448828503283859 8.349962458413437 0.7670690222448195 0
8.282328327297341 5.6037589381206665 0.03038490218486123 0
-5.0565486989497845 6.807105218022781 -5.300437133474585 0
6.151575698148262 -2.1674898762762567 7.580244327605257 0
9.088207772514542 3.74555764494984 1.8371928075093469 0
1.5145757343069188 -9.663654119429399 -2.078424741260525 0
-8.759041382466194 -3.887632431508829 -2.857535325717855 0
-8.817466046588356 4.675272933876407 0.6277861984977107 0
-4.308708896535531 -3.534808389372527 8.303020974039338 0
5.949553428901428 -7.387115369577164 -3.167544871537591 0
2.259561146856111 8.938002578645214 3.873821540513942 0
-0.7679301946414456 8.438184989709947 -5.31105613749202 0
0.3634741255813215 2.9625058073966826 9.544183878214723 0
-2.981806084451137 5.313248936359791 -7.929578690889052 0
-3.459253579895031 0.14945976585973814 -9.381429872272806 0
-9.666658258452607 0.6452245339103267 2.4777819547188207 0
3.7928751769244826 7.69211925136513 -5.142509048611195 0
6.662294447998226 -1.2728401295896619 7.3480412827282215 0
3.508367794074603 4.6690919365239845 -8.117323198554239 0
-1.0138649648539084 -9.298774739149376 3.5362220212536455 0
0.2573057232817396 2.6912728768682923 -9.62760842925176 0
3.013174418466436 -9.180278663090684 2.5774529271940883 0
-1.0790803978382342 5.182150617212882 8.48415584931827 0
-4.851534377801194 -7.874487799790493 -3.801980545973882 0
-0.1812112640455666 -9.994022176859726 -0.2944201185703843 0
6.370586617874289 6.185158938233996 -4.599938592301549 0
-7.063446451059984 -2.5529875260921346 -6.602270740027714 0
-7.817573902489939 3.880943899833858 -4.880964323312615 0
4.357904068304883 -7.760935004779753 -4.558131194144817 0
-0.3092736204773664 9.987592406799635 0.39031749040379093 0
-7.618685062226453 -5.28905377672268 -3.739190830854058 0
6.114581983701851 -0.8345615443368404 -7.868633565829766 0
0.32653772272242704 5.44013994754514 -8.384405194571814 0
-0.2110598518223284 4.597115355792205 -8.878174595291998 0
3.8211818763198178 8.469706097634768 -3.6963018934839953 0
6.347483963113525 7.140965041496528 2.9522983613010867 0
-1.426106857982248 -5.303618179362468 8.356904536797817 0
6.290577171523035 7.719114919733788 0.9186423161690804 0
0.15894164802677907 8.055326724305248 -5.923381544119559 0
-7.763883934663809 0.31357784754544915 6.2947418678288924 0
-9.174697009795555 -2.100996839504651 3.377979730377314 0
6.766001636011642 7.194244135944487 -1.5697366575053762 0
-7.6463384376353964 -5.614786598577273 -3.1634917337613744 0
-6.044640034413963 7.869890416243574 1.2357797905280443 0
-4.074259467261524 -4.833240275830156 -7.748561042511252 0
-6.73751613890456 7.388027856515703 -0.15139573755087232 0
6.223442258576494 0.7329723456967808 7.7930429226719955 0
-2.422175652087984 -9.286816526226504 2.8085768493381935 0
-1.3321784701213912 6.796301820018057 -7.21356930340066 0
1.3552764172490672 1.6540216099285443 9.768696860213133 0
-9.502184209125048 -0.3644635650027011 3.0944565864849527 0
-4.264270578954214 3.2645305115111216 8.435569747733606 0
-0.15211587200550536 -3.7840743132753527 9.255141401031842 0
-2.0648539038698654 -9.647669241043067 -1.630600064732275 0
-7.225110313541227 2.5814332126588058 -6.413578059534492 0
4.639208021451192 -3.257835110586603 -8.237976652426983 0
-6.286958920578579 -2.2432614743055828 -7.4459334867331295 0
-6.553895355827347 0.8614430706523634 -7.503623891220146 0
6.863706814865157 -4.844028881799316 -5.424473518404129 0
4.114784422313483 -2.6631418566141813 8.71643416824999 0
4.599191254709535 7.738505990608312 -4.354648646667445 0
-7.633086064897455 3.8654583971924588 5.176314181484985 0
-7.8078526597506235 -5.807629986984557 -2.304098691007581 0
-5.442836981463765 -4.065182939854458 7.338243199753376 0
9.319093367217885 3.0396302046348906 1.9786730483197235 0
0.36195969817334533 -0.6762004982780568 -9.97054351893751 0
-5.868742833682592 7.660189242266475 2.6228530886735157 0
8.368344718470333 2.837770045075229 4.681652255787845 0
-7.773851740678044 0.24633157816577653 6.285423602873184 0
-2.883342386322793 9.24773615557397 -2.483085314709177 0
-3.2810311236148957 3.243315295748279 8.872189169434769 0
1.84018262725729 8.754970602434245 -4.468133575538296 0
-0.3605873915492897 9.36216711858051 3.4956835636003425 0
-9.674182131310998 0.3179540828925418 -2.511793242166833 0
5.9855756424384365 7.9962401645186345 -0.4827291787189725 0
-6.74062703234358 -7.30763319432363 1.0781671058135678 0
0.16465861127754386 -9.914077758028467 -1.2976708941397153 0
-0.09291031461381377 -7.726367316299218 -6.3478040113933565 0
-5.766824779438363 -2.4154886305507555 -7.804431218156498 0
-4.646150241605192 8.77431232793635 -1.1936210052844265 0
1.289502485061587 -9.899732915084389 -0.5766034608071058 0
-2.7142169010653787 7.548837895728337 5.9706007267264845 0
5.801216382001418 -7.291583434286242 3.6302478579348874 0
-6.562412074133771 7.486659995123467 -0.9405689164974507 0
1.388887233784195 9.546638418206287 -2.6329996513214793 0
1.4192252371553515 -9.897881746184028 -0.13317907034639642 0
-1.945852660198597 9.786546472107938 -0.6611849771960254 0
1.8995336266639629 3.6296083666649355 9.12237442258367 0
7.880995293248667 -5.922800912686112 -1.6764076283758977 0
-8.60080977926312 -4.756783785819938 -1.8436591756320997 0
2.859907688591023 7.990144963062036 -5.289471758313143 0
-8.026263107975488 2.3038252765101177 -5.5019532546964385 0
-2.5862399726395884 -7.702570932544201 5.829387946692717 0
1.5445054627111157 -2.7391150304241725 9.492720986406368 0
9.064228663472479 3.560868690904675 -2.2715573737897876 0
-8.575790009286283 0.6876599851671166 -5.0973472965284135 0
-6.43360851854652 4.411475853350943 -6.2568012774409905 0
7.492995640248628 -4.960705175952835 4.387074251991847 0
-4.569341656822553 7.614420889619993 -4.59801167233673 0
-9.328200194477906 3.2297375434024165 -1.5979601160477208 0
-6.841064508904868 -6.71926662490641 -2.8374799397389627 0
4.857503713471243 -4.661526510177384 -7.394242913816569 0
-0.1711169549790973 -4.122810766123831 -9.108959895314728 0
-3.1120211376248808 -0.9934596844581229 9.451368276304352 0
3.5731783553479577 0.7473381577823273 -9.30988088639137 0
-5.267438890922128 4.2121162368447616 -7.3832353570578935 0
-1.466670673610576 -9.8846063954677 0.37872620961553194 0
8.29829092482546 -5.572754764909039 0.28770133323120506 0
-3.0130124384218835 -7.074811686205104 6.392870689342207 0
-9.650843198748271 2.4512341315697173 -0.923404995330801 0
5.153310194231152 -2.5007847450195912 -8.196918305138254 0
6.921786814902053 0.6513227092877669 7.187812324860334 0
-5.717586474867339 -5.068849894737588 6.451043764154203 0
-8.723010333566023 -1.0834322520106234 4.768151138104113 0
4.36409762170323 8.358743152258633 3.3295742765124836 0
4.942371370810123 -3.183060101815025 8.089566961292167 0
5.0454717200685035 6.455904191125459 -5.7327581666243095 0
-4.137784564274324 -7.836911420306628 -4.632662116960473 0
-3.65297124020028 -9.233096396154284 -1.1856357187569833 0
4.316275491833826 2.0318329368701895 8.788709848165663 0
6.915098860922396 -4.548994390941542 5.61142208133127 0
-7.558167265510287 4.741219922427463 -4.516075866695073 0
2.487953404527127 8.803889362362376 -4.037526464580072 0
-1.4613929583574907 2.8615079581081333 9.469746713980632 0
4.369044320311817 8.978204769647725 -0.5507184774691076 0
-5.5705096549546855 -6.888170327641069 4.63923826952893 0
2.696247432697225 6.062100506178699 -7.482057687204877 0
7.8428954145875345 -0.5235319292065709 6.181820592264311 0
2.01256648343118 9.773699642402578 0.6514379862037378 0
-1.7234270577346802 -8.896645769006163 -4.2284149793383214 0
-8.700038256086282 2.2042329297119547 4.410293814952537 0
-6.096499622205217 5.687514717406353 5.521310414723826 0
9.438963727212098 3.282876532641267 -0.35872751191892815 0
0.9790136232508442 9.797562663863502 -1.7462239756563736 0
-7.6835097226882745 6.232444041320882 -1.4561317293289755 0
7.030024731283673 -4.182326885020492 5.752120835341927 0
4.744262867079838 -4.000181954871235 -7.841588753305668 0
0.5959021653906924 -9.279681460192617 -3.6786427669237054 0
-6.969172413056434 1.9310982274985338 -6.906626927295639 0
-4.390460018735904 0.3458168553820992 8.977988166979012 0
6.11293961837601 -3.45752054464791 7.1188145716422895 0
-4.299358540669061 8.804645391770904 -1.9984333023504641 0
6.103013925348838 6.795193270617346 4.071678946326063 0
-1.2404219172175095 9.345392392255194 3.335415191856208 0
7.458869696177214 -5.790229000892407 3.2921893889437404 0
6.468581463670984 -4.809574253311578 -5.918230254876413 0
7.523582519749899 -6.586627656258699 -0.1097368959001277 0
-1.8964612338611186 -9.74216687984731 -1.222137174652691 0
8.583621065003218 -4.811695422926206 -1.7801788026555143 0
7.8024583565654595 3.5081912101269275 5.178246617075127 0
-4.2903837336056325 8.416311925577574 -3.2799849069458964 0
7.104208107302251 7.011645263571252 -0.605853006908299 0
-9.9636971626773 0.30818048470914716 -0.7935764861062533 0
7.391255331509684 5.071682665651409 -4.432536470618227 0
4.496132672967637 -0.08980230071654277 8.931781823010397 0
-2.2714526348939788 -5.3513637094707285 8.136547755429994 0
-6.690736946693607 -2.0678781923572593 -7.138481553644471 0
-8.224229434320664 5.672689838380705 -0.42736425819891455 0
-1.186178045457154 -4.6154093472289555 -8.791528775018998 0
-2.722611983482791 8.779838431323826 -3.937235211064367 0
7.4862115513075835 6.445678681578666 1.552373325882408 0
-0.4861639399028803 9.185780349601572 3.922382438316252 0
6.880830132450023 2.0939584356396845 6.947626555751338 0
7.55301626239362 4.120054509719665 -5.096773114133702 0
8.919769713824108 3.6365407796093496 2.6857549051587726 0
-9.900802451245564 1.362540670230161 -0.34291944152904374 0
1.8760106796685714 4.870609760211813 8.529815032783471 0
-4.203895579877747 -5.809706544024863 -6.96954602723872 0
-0.5038741560887767 -0.5225191232229769 -9.973619433319687 0
0.6076270834667213 -6.512585654432015 -7.564193111041259 0
9.105414844841844 3.274074517329666 2.524253663621443 0
-8.538829279163068 -3.449401799071362 3.8974378468258863 0
-0.540055714575023 -5.492002099035136 -8.339439595641217 0
-5.232670952926528 -4.543996827098677 7.209108650430798 0
-0.0718058839689585 9.791274710331951 -2.031202466974036 0
1.2620773822043225 -6.349572215500784 -7.621685729644641 0
-2.9688276539846283 3.7907639543855156 8.76448349893293 0
-2.2194177620250706 -6.31023327240662 -7.43338017630069 0
-3.0104300018637113 -8.983310527455401 3.1996004705568803 0
6.432875466498534 1.4141310145631047 -7.524516376895727 0
-7.7840268216336135 -3.188158996753695 5.407824761538318 0
7.959962443218731 5.385739589548367 2.7627535134569436 0
6.081821591363906 1.2694302725353817 -7.835814757508663 0
-5.8912393952424935 8.04980984392175 0.7027516379513665 0
-1.711760758942824 4.959119984149937 8.513342709356191 0
-1.3975636075284985 -1.2223737285211436 9.826119194816092 0
2.370715179353931 6.320799929743073 7.377479094280162 0
9.268929044200405 1.6209166067812903 -3.3852006923428934 0
6.444033960643924 0.4167485400260496 7.635492581913361 0
-8.26912685003802 3.499818577440004 4.401455561855203 0
1.1979537062726526 -9.922836945229811 0.31970904899603525 0
7.328865597581492 6.788399628628479 -0.45316612254584276 0
3.875400086457012 2.173709994373066 8.95858577177512 0
-6.215245078141937 -5.612380981716103 5.465519950993121 0
3.0500420437406217 -4.827878273094688 8.209070283021994 0
0.8385797267268981 6.760333290081366 7.320838602847375 0
-0.809269101528123 -5.898734006594463 -8.034302747641384 0
0.27396389780707686 -9.932913832451693 1.1234618728680346 0
-7.506908956053819 -0.006197421218350666 -6.60653309364974 0
-9.642824597574801 1.5009669442066866 2.182437172705145 0
-3.2522974750726235 -8.85356309850194 -3.3221952974623536 0
-7.904538491898237 -3.8390080179210195 4.772870066159067 0
-2.195945409071329 -8.254423109440843 -5.2002233500790656 0
-3.9416729421521772 8.81662126035597 -2.5943022122614257 0
5.106393722794083 -1.8186650593171485 -8.40340410487489 0
2.740700410348479 8.297127566959265 -4.862739495214637 0
5.4515716878796034 1.2528649777530636 -8.289191485267386 0
-8.187781871135337 -2.19378860113164 -5.305423602715658 0
-8.85516612840627 2.219979028420735 4.081387748266323 0
-0.925060567328563 7.877387133324558 -6.090240955701709 0
-1.6818806255743386 2.28909702277519 9.588081788430856 0
-9.362930531302702 -1.7002968956438966 3.073194157983423 0
6.171537019470717 -2.4137539833973065 -7.48905351329099 0
8.715651359757029 3.863465316280543 3.018452770056659 0
3.5359767603845125 -8.192752549425574 -4.513942181054318 0
-6.002434847005799 7.975645332750955 -0.5998811829174189 0
7.771490894861662 6.224459230425924 -0.9273815610889558 0
-5.1065139173767236 -5.067190867186237 6.946012692699474 0
-6.895964782104192 -5.692693846602771 4.476483719710107 0
5.384945220887973 8.009782857164652 2.6164371861573654 0
-9.260253148440627 -1.0502591865566795 3.6255575113144656 0
-7.87440686109656 4.676716618471172 4.015225803915763 0
-9.210133618638785 -1.3862318160503455 3.640302196108094 0
-1.1572309631733437 5.247844123656814 8.433323695416508 0
-5.351288511216995 7.9132053012717405 -2.95717654691799 0
3.65154055300627 9.14312439728231 1.7520068052298354 0
-9.388264813461099 3.0571592347676386 -1.5856422060487674 0
-4.582472734683155 -4.122949867305721 -7.874149352632907 0
7.256980380295323 -6.7641939722859155 -1.257742288904855 0
1.1355585091888325 7.915565094160727 -6.004526302075222 0
-3.413461783228059 8.830174401736 3.2212262710601025 0
1.0913068185692785 -8.522324987487371 -5.116544364646181 0
-5.703571485472768 -5.918819713045485 -5.695335417213469 0
-6.180625059479022 6.273986328767398 -4.736767824221461 0
9.191937439722018 -0.21363964164257818 3.932256884761658 0
-1.900560347816362 9.524152436427297 2.38293741671999 0
3.3551591966733096 9.280673935896122 -1.6161677080541192 0
9.081617726093382 2.7540184960134457 -3.152713371164957 0
5.844339629097334 0.028059595754541325 -8.11436423626944 0
8.081069466951945 -3.4953713161059463 4.741170280937059 0
6.61602582559595 6.737052393182731 -3.292465235436548 0
-0.711809050390621 4.889940048065299 8.693780202081783 0
-9.47090046539558 2.358289324368173 -2.177272568407751 0
-0.960322830642128 -8.138376630642517 5.73102136436074 0
-0.6432731101626193 -7.08166281502362 -7.031091770134525 0
2.2525419189277462 -3.479618011882519 9.100456768473551 0
4.202391376184105 3.6629415883008325 -8.301973599215408 0
1.453931264122796 -1.486194958027399 -9.78147782423189 0
7.645007047250502 3.1299001141861984 -5.635387521963986 0
-3.549474140753857 8.125787057969202 -4.62307451947942 0
4.841346389812444 -7.912892542830984 -3.734634753153221 0
-6.2024255619868285 7.019581233398968 -3.500770837362166 0
-5.410493011702271 -1.3267410718478392 8.304596528344586 0
4.238256078265665 8.885626172253842 -1.7557998012306752 0
9.902343258254234 1.3269459662966194 -0.42756566540831376 0
0.9908151996557757 5.4512329877597185 -8.32480294981757 0
-0.6790038611463857 -9.9639619694979 -0.5083459717041605 0
9.735649784819119 2.08521320680557 -0.9322066023768993 0
4.309791493054894 8.207232735895591 -3.7506036987711 0
1.753686087533851 8.698357869035805 4.61119892095029 0
-7.393156951327862 1.8101672829135327 -6.485716976626559 0
5.936435576193263 -7.294289890787965 3.3988332761192375 0
9.518534231027871 -1.997698084317572 -2.325232989759216 0
-3.4085957196930923 -2.5993867676452935 -9.034636885447057 0
7.335854442838324 -1.0693415834828912 6.711314936085442 0
-1.2536086951400223 -4.451641314252799 8.866304464020336 0
6.264768182348166 0.8898673852403367 7.74343694092769 0
2.8936784818713774 -8.891969618660871 -3.5439386485048785 0
-1.8101125994118727 -1.2313896316380075 -9.757416253934482 0
6.771003936365285 1.690336381940702 7.162141342476664 0
-9.451809523940518 -3.2653655461887428 -0.0261643442650894 0
9.458797046167117 1.1588048651795526 3.031225779096043 0
-8.802082713073478 0.6572803541502682 4.700140683879699 0
6.99354520894273 -6.565536829441989 -2.825606404245826 0
9.739497203509165 -0.40164797759669685 -2.2317869801864254 0
5.312513043734417 8.360079194032647 1.3734194660241839 0
5.421986876575336 6.1891304172320165 5.683020586689642 0
3.1233588291422616 0.990107902317212 9.447979464742083 0
5.704902465270289 4.118087442577337 7.106014612779785 0
8.148794730655334 5.298105892903671 2.3510036974073945 0
-3.0811713256404043 -1.4412081199982008 9.403685576246295 0
-7.665584593548722 -2.796277290554012 -5.780972768789036 0
-1.521023022201236 5.795813443404018 8.005937515069117 0
-4.8366127417999625 -0.5876369489340636 -8.73280367362657 0
-0.6210204506673128 -9.905363691616671 -1.2239704803037976 0
1.861038618320221 -9.29436558131919 3.186111062394086 0
-9.787060394147918 -0.6167446258880203 1.957824023690442 0
4.047350371324908 -4.978244542587373 -7.670465190973436 0
2.283391139063608 -2.663259282546477 -9.36446340694307 0
-0.2024945205471092 0.2132167567324608 -9.995675794252076 0
5.356190214513461 3.527087990726525 -7.672735932613801 0
-5.379059408473329 -6.678647871597704 -5.144062838585666 0
9.310810605191149 -0.6348312748176553 3.5924636569871415 0
4.341184418278704 3.5044877630117757 -8.298956763677886 0
7.473645536585213 6.548487690675751 1.1233571820877342 0
-1.048639399644678 -0.5537034330992348 9.92943945636847 0
7.368152212279435 -0.5517874734857274 -6.738387311574328 0
-6.217700748099553 -1.8506755096526035 7.6102035166646065 0
-6.75037288406767 -7.174693386448134 -1.719372192546258 0
-3.697438285639892 7.630475647064418 5.30139524308848 0
-4.985374259007566 7.870992274141175 3.6322891016595427 0
9.842877534997477 0.4600778999212851 1.7047258304624924 0
-0.9203726872432598 7.502066329258548 6.547664843895252 0
-4.33757402183919 7.000591366955177 5.672492584215377 0
-8.293947743020686 -5.268655981503607 -1.8578737805912349 0
-2.2756112631208723 -1.0433291360666295 -9.681583429015726 0
0.14875803621198258 9.463330439653578 -3.2285055422886244 0
3.8353796476739004 0.9789558808237868 -9.183218844262036 0
-2.3749507944392274 -1.457736795789766 -9.603885263693703 0
-6.758448098581256 -4.214018387242163 6.046935449528825 0
4.425857657924039 7.4866351746566275 4.935795554253568 0
-0.564001160106093 -3.9750399824906064 9.158654913741431 0
-2.021307581001402 -6.188203073461152 7.590814079174395 0
0.8739427885867848 -9.083922440951849 4.088835664226256 0
-7.416546860842931 0.45389788666298364 -6.692444199946963 0
-8.660357415580313 -1.1330573713623857 4.8697423368803054 0
6.473850678196901 -7.573903385104891 0.8516131219668988 0
5.396470086408777 -4.99950448134228 -6.773703975487393 0
6.336783268078 -1.8151417094515008 -7.52000255239426 0
7.06339302966113 7.075011026218878 0.22956020433834823 0
-3.616801685546344 8.086480720223502 -4.6397817975506905 0
