
9.252199572998919 0 0
10.690655293200534 0.18660608226800832 0
9.826790564440211 0.34315908814449814 0
9.395576275717866 0.49240128769480024 0
9.23728473483467 0.6459338725214435 0
9.417062204400171 0.8238861866034626 0
9.880488897531011 1.0384812296260035 0
9.99643302150313 1.2274076391405575 0
8.935627467022227 1.2558205428049194 0
8.983488840888219 1.422844852225798 0
9.02942097662389 1.5921305383537694 0
9.750470078999008 1.8952993881939015 0
10.114422494033093 2.1498868686096038 0
9.702074749107187 2.2399004474913777 0
10.65072177046894 2.6555231878694063 0
9.98290047980125 2.6749101216830122 0
9.426651090456382 2.7030487033466026 0
9.25571788807155 2.8297569373092273 0
8.71703050088705 2.8323349024011995 0
10.269437637359387 3.5360509514990164 0
9.38835858517378 3.4170830736208124 0
9.029025989095642 3.465918348613889 0
8.529000470667613 3.4459398703101116 0
9.457527116464048 4.01448208455843 0
8.257600764525192 3.676520732192314 0
8.172741352701458 3.8110118808847324 0
8.624069219965197 4.206239604624795 0
9.259050240236526 4.7177217355480145 0
8.740183486602369 4.647237994278387 0
9.030331103895456 5.005594268504726 0
9.479102694751356 5.472762492490801 0
8.093021022357094 4.8627776212965435 0
8.424088703809888 5.263954848776371 0
7.737961714422517 5.0250910932176085 0
8.433980469168901 5.6887916573371085 0
8.016398917093932 5.613142951045325 0
7.637535774567096 5.54899454938536 0
7.4322858764569375 5.600629123725921 0
7.23172684927722 5.650044242163003 0
7.534843405553898 6.10159588244224 0
7.044937321156613 5.911404307849568 0
8.037743951206192 6.987104218746139 0
7.091696251465186 6.3853919857510855 0
7.088774337353945 6.61038901180806 0
6.807989110235548 6.574398662763268 0
7.542191520752347 7.542191520752346 0
6.283622068286995 6.506881132114578 0
6.401418130817211 6.864680503273067 0
6.206532543216807 6.893052716191242 0
6.198890489566477 7.131007779020049 0
6.550288515938171 7.806329871397911 0
5.865906861160268 7.243791703346261 0
6.112352102798104 7.823453926994199 0
5.470817402805553 7.260019904423928 0
6.283722973328449 8.648802693738642 0
5.497946925068268 7.851881942210183 0
5.195971204481827 7.703344101280886 0
5.077008167250796 7.817906997749986 0
5.380788465920103 8.611061575477766 0
5.576351826980071 9.280607932010753 0
4.711192915559571 8.160025494007726 0
4.7422321047677745 8.555213183582381 0
5.04345720474119 9.485363441798388 0
4.263198273912589 8.36699771943227 0
4.482320022597441 9.190117961519332 0
4.115231552960069 8.825142544822167 0
4.191741889995303 9.414806431644207 0
4.160722100575298 9.802047004175492 0
3.9874616233766558 9.869313842521557 0
3.8407066019797167 10.005382769514652 0
3.388397475167049 9.30954555115852 0
2.9933975255086214 8.693457654790025 0
3.020936648852354 9.297486991022268 0
3.0078916560204085 9.83837029921095 0
2.5956691162109515 9.05217396730584 0
2.3754777847504016 8.865403784939664 0
2.5325513820377052 10.157508796276684 0
2.291136656241782 9.924003151199344 0
2.2400798554329526 10.538747135506018 0
1.893479103658142 9.741105526880354 0
1.789666703599829 10.149704239300863 0
1.5233886956105522 9.618297684349958 0
1.3033661757739996 9.273932224282012 0
1.205434867575651 9.81747915789578 0
1.0155757443455933 9.662557762572359 0
0.9209010560461639 10.525947236275789 0
0.6655753389525905 9.518170791058923 0
0.5153409963344879 9.833291991848382 0
0.3571905446511625 10.228598906893232 0
0.1741151990545248 9.975053073165716 0
5.520962279912134e-16 9.016415645320826 0
-0.16903316516794098 9.68390354679718 0
-0.3544330489324633 10.149634561066108 0
-0.5584256295299737 10.6553957669921 0
-0.7475721797582157 10.690780245524891 0
-0.9515056228709948 10.875759035786974 0
-0.9618497397285564 9.151388973976633 0
-1.1964653258419389 9.744428102716263 0
-1.3493960865571593 9.601452057792574 0
-1.4292062291607417 9.02365299414663 0
-1.844908765530177 10.462997540804647 0
-2.059963305827974 10.597592497748778 0
-2.0298480858509538 9.549684422361613 0
-2.2227119990786335 9.627623399491014 0
-2.1986242109156096 8.818200065150625 0
-2.5066434647094398 9.354920766756111 0
-2.6542631503746024 9.256515648371067 0
-2.9517964033209805 9.654890995034501 0
-3.069060066145138 9.44559564017689 0
-3.3159826979318026 9.63031302151837 0
-3.534761899556248 9.711678502179321 0
-3.6510511594406325 9.511313450096416 0
-3.4624813644919263 8.569942105452885 0
-3.5557047517059526 8.376715451477232 0
-4.200846662324004 9.435256085112503 0
-4.3050940979504935 9.232304086499692 0
-4.20638966150232 8.624376882157641 0
-4.177586010644164 8.198974192141588 0
-4.431920903818942 8.335230936133927 0
-4.405868462378493 7.948397109575082 0
-5.03698794840994 8.724319043758145 0
-4.991699858680524 8.307583656853977 0
-4.86511694850367 7.785814640513256 0
-5.707996875219645 8.78954440171385 0
-5.071180127397493 7.518333721176992 0
-6.046973678341868 8.635973405545977 0
-5.600703031020805 7.70870639382514 0
-6.177870548293343 8.198311119753923 0
-6.2963121691184565 8.058912074538624 0
-6.2352353202976065 7.699874367362439 0
-6.029907204988159 7.186163574554351 0
-6.628787254281861 7.6255474355151565 0
-6.342514869861007 7.0440763899578895 0
-6.344644691204785 6.803798443072228 0
-7.534287625203309 7.801983228715185 0
-7.285278289721598 7.2852782897215995 0
-6.514624500379607 6.291099752099732 0
-7.3680341395801 6.870802990335769 0
-7.7390087489983115 6.968234776454444 0
-7.294443461260208 6.340962960623791 0
-7.398407201812856 6.208000754340502 0
-7.230195469668173 5.854896848216161 0
-8.124796832323268 6.347786983381479 0
-7.205757322797555 5.429927614651969 0
-7.789638717404761 5.659503805991694 0
-8.111285223589254 5.679583058126224 0
-8.823177705506954 5.951308507978661 0
-9.210461357405023 5.981343542351075 0
-8.561765671964661 5.3499849666400845 0
-9.331501875727977 5.606931993506756 0
-7.918565909071233 4.571786159198068 0
-7.871943524777308 4.363489548309078 0
-9.667184335342485 5.1401330887117025 0
-8.116420973164827 4.135523044637819 0
-9.179073286849741 4.476933174830978 0
-8.92630353851641 4.162403699026265 0
-8.6457006139225 3.8493139179079168 0
-9.267783917605875 3.9339408750960847 0
-9.995257738132588 4.0383462601873585 0
-8.854330461609157 3.3988590185302905 0
-9.604292597508124 3.4956766266761865 0
-9.053253058430466 3.117285018116723 0
-9.444132346577062 3.068584613233185 0
-9.963519482888433 3.046153601230123 0
-9.45983261615935 2.7125633527343664 0
-9.076273011916067 2.431980023827306 0
-8.904455215315513 2.2201300352411613 0
-9.143253015652132 2.11088628472696 0
-9.342137171637377 1.9857325558529455 0
-9.472015815163417 1.841173362308825 0
-9.738887108495062 1.7172285593015306 0
-10.209366276331211 1.6170047637449152 0
-9.72922156233817 1.3673529193755098 0
-9.590931237831562 1.1776182806871003 0
-10.190928827444917 1.0711097810555377 0
-9.81874275539877 0.8590286811746871 0
-9.853584104924229 0.6890297226746022 0
-10.081335783987283 0.5283404206454348 0
-10.71339086203426 0.37411985276809673 0
-10.942068929027991 0.19099452360521502 0
-10.778896200991905 1.3200340730886302e-15 0
-9.80405932401876 -0.17113049206084133 0
-10.864347286168888 -0.3793913672585979 0
-10.229112411924582 -0.5360850655455579 0
-9.894202928151364 -0.6918700674877658 0
-10.116704568692953 -0.8850969620015535 0
-9.017003840872391 -0.9477252930825603 0
-9.583075049166244 -1.1766536620114605 0
-9.800596472576498 -1.3773840088372151 0
-10.27139674841303 -1.6268294253486586 0
-10.602941422477357 -1.8695846476541507 0
-9.297606810355994 -1.807271686037954 0
-9.892700901062744 -2.1027584891598234 0
-8.772631129197768 -2.0253214802096946 0
-9.297128465106136 -2.3180344723813966 0
-9.028357868450874 -2.41914119983058 0
-9.727884574745989 -2.78942601500269 0
-10.011457505687982 -3.0608097256084084 0
-9.129714354050883 -2.966424014611421 0
-9.830469998320584 -3.384902272037388 0
-9.375138693244073 -3.4122714264581826 0
-9.172156366170421 -3.5208609526939565 0
-9.59428186719211 -3.8763414924003095 0
-9.149863883432223 -3.883886790262791 0
-8.639836454796443 -3.8467030260497803 0
-9.133979672582772 -4.259244670757431 0
-9.37041244373164 -4.570255517110988 0
-9.431297067346566 -4.80548587755524 0
-8.65677076761226 -4.602886664870814 0
-9.064938137475277 -5.0247772604619545 0
-7.8669773332755 -4.542001481075295 0
-9.269005361154633 -5.569380299073148 0
-9.044262322813006 -5.65148233615411 0
-8.652471410426722 -5.618980633855487 0
-7.623104190309707 -5.141848701141086 0
-7.996143884825981 -5.598960224764621 0
-7.380502887812421 -5.362249226062101 0
-8.148029915910168 -6.139980943492834 0
-7.575113023600599 -5.918326924502982 0
-8.282772357436993 -6.7072568056414426 0
-7.0430680551718945 -5.909835807451218 0
-7.176197613581913 -6.238173413435216 0
-6.843607045467714 -6.162011461324321 0
-7.995104667999643 -7.455555718159304 0
-7.019376466810424 -6.7785330601437686 0
-6.376731604780835 -6.376731604780833 0
-7.535545924909582 -7.80328623620486 0
-6.7384253957557325 -7.226076549244135 0
-6.330811937599466 -7.031078966928014 0
-7.069758246541635 -8.13282653351169 0
-6.186056866178712 -7.372255494260555 0
-5.935899721743152 -7.330225687857827 0
-6.389080317978223 -8.177649890405723 0
-5.61598469387624 -7.4526634063079475 0
-5.663775330749515 -7.795517966854271 0
-5.446420499501013 -7.778294580241758 0
-5.440679034263346 -8.066138378404418 0
-5.890467000015156 -9.070523753829335 0
-5.728878012504042 -9.168121296074283 0
-5.569488891989486 -9.269186090117213 0
-4.522734376324638 -7.833605728932602 0
-4.91441379916517 -8.86583718285882 0
-4.8264285668686115 -9.077191938813367 0
-4.733341465541628 -9.28970568641514 0
-4.087771336934191 -8.381173275613898 0
-4.088498671248775 -8.767813694987142 0
-4.337314169167773 -9.741767123926634 0
-4.13291135881278 -9.736529002398948 0
-3.490202251765784 -8.638553709109438 0
-3.7924050261027653 -9.879552862390112 0
-3.3499874952382243 -9.204014998622352 0
-3.133889807493632 -9.101476868360397 0
-3.1576274042812154 -9.718177878689719 0
-3.104474324109739 -10.154277972031108 0
-2.9570460892757304 -10.312445242843468 0
-2.6188772738857797 -9.773783044929209 0
-2.3546230050488175 -9.443877054314669 0
-2.054471113029464 -8.898892060500827 0
-1.8788248598444484 -8.839176006060807 0
-1.8523698067783643 -9.52961652852379 0
-1.638154671189009 -9.290436804436053 0
-1.5037282504564535 -9.494166518979073 0
-1.4895477723011132 -10.59868311907616 0
-1.3211995256681286 -10.760306637516901 0
-1.0373367321214193 -9.869599731155375 0
-0.9476272845790567 -10.831429426262316 0
-0.6887990413973889 -9.85028520896712 0
-0.5076754381419689 -9.687024428189295 0
-0.3675580562347119 -10.525485594513412 0
-0.1775964527889058 -10.1744939660354 0
-1.9789176083728117e-15 -10.772725707529776 0
0.18100459798218033 -10.369746473390373 0
0.3320036356296628 -9.507340200740005 0
0.5517798816895327 -10.528587344056632 0
0.7486032077293945 -10.705524632442076 0
0.8082379070551439 -9.238201550714686 0
1.1162405274457958 -10.620319196692908 0
1.2364222993769283 -10.069851537398602 0
1.2685020670199318 -9.025861200455408 0
1.6497162308587086 -10.415898351368188 0
1.9089279255685396 -10.826068239237433 0
1.954995872495813 -10.057581867053747 0
1.9626133820492617 -9.233370010454292 0
2.4269835975823866 -10.512420900211477 0
2.2698243807028624 -9.103768348597859 0
2.6851355131421357 -10.021062160253999 0
2.776421804653937 -9.682533503745006 0
2.731488579311827 -8.934296572001614 0
2.9846190614173405 -9.185712950063612 0
3.2999639667117906 -9.583791248062651 0
3.102137236320521 -8.52305200883999 0
3.7986063297830683 -9.895707810794525 0
3.585284785257958 -8.87389123774544 0
3.59247641122015 -8.463344052539021 0
4.096193516933848 -9.200201272061477 0
3.8388420628666338 -8.232423370560701 0
4.01350730332995 -8.228909442223959 0
4.204442454864048 -8.25168293170805 0
5.1323573819694435 -9.652560357885553 0
5.160202169287262 -9.309251140249412 0
4.551418976308338 -7.883288913499169 0
5.132190188692668 -8.541398830561844 0
5.627922780313502 -9.006559152112413 0
5.197626711776435 -8.003643268451338 0
5.23816714462702 -7.765902155169847 0
5.629997922755408 -8.04047031134538 0
5.904017943753995 -8.126183555920397 0
5.577843352953678 -7.402048137347011 0
5.772495964277038 -7.388457906344722 0
6.548799893929896 -8.087094367731089 0
6.4494805923883325 -7.68619166634543 0
7.0798387148902675 -8.144422785829962 0
6.2735204482276465 -6.967450321838467 0
6.619724366043979 -7.09878527913354 0
6.448106857398397 -6.677210117396886 0
6.8574961836898245 -6.857496183689827 0
7.753563849547788 -7.487529574258231 0
6.759664662133128 -6.303489274670788 0
7.806038366642548 -7.028588515269067 0
8.162781092624195 -7.095797347515262 0
7.692106872279764 -6.454444039506175 0
7.174055403444428 -5.809435518965659 0
8.286497613724753 -6.474121479685361 0
7.245770436253342 -5.460079658353795 0
8.679354876633857 -6.3059204335252215 0
8.097452456861998 -5.669897250589511 0
8.90513669181075 -6.006590542272351 0
9.161492725303733 -5.949542940835998 0
9.147490182952184 -5.715986262218268 0
7.928979734759568 -4.7642116716846195 0
8.151201087355318 -4.706098142003369 0
8.963312795712044 -4.968445413665617 0
8.225528558980992 -4.373591115211045 0
8.61594125455959 -4.390041340547071 0
9.476519171218724 -4.622007225972525 0
9.187521411983248 -4.284211593870811 0
9.419143311173093 -4.193672793166288 0
9.103756409428595 -3.864315328709216 0
9.0082572756284 -3.6395721884242374 0
8.824640344812362 -3.3874620504960014 0
9.55356656595312 -3.4772138610877232 0
9.043729843146624 -3.1140059121271952 0
10.205455802868407 -3.3159535993863565 0
9.141027602300865 -2.7946925980838717 0
10.408330172285801 -2.984540650357129 0
10.328712822768718 -2.767570259713859 0
10.550656731512506 -2.630574171551975 0
10.457208278122097 -2.414236759393317 0
9.54206428125925 -2.0282283748588026 0
10.635107832951947 -2.0672555482821693 0
9.252969297545746 -1.631548138824368 0
9.229399177071878 -1.4617932231922677 0
10.16161858804761 -1.4281223582915519 0
9.271474843238872 -1.138393967549417 0
10.455733121341707 -1.0989418338606332 0
9.129699882962974 -0.7987452411532168 0
10.101381948672413 -0.7063574358943902 0
9.658161261426049 -0.5061627836688317 0
10.920682866578867 -0.38135864907627776 0
10.003717225402793 -0.1746155336929349 0