10 0 0
9.998476951563912 0.17452406437283513 0
9.993908270190957 0.3489949670250097 0
9.986295347545738 0.5233595624294383 0
9.975640502598242 0.697564737441253 0
9.961946980917455 0.8715574274765816 0
9.945218953682733 1.0452846326765346 0
9.92546151641322 1.2186934340514748 0
9.902680687415703 1.3917310096006543 0
9.876883405951379 1.5643446504023086 0
9.84807753012208 1.7364817766693033 0
9.81627183447664 1.908089953765448 0
9.781476007338057 2.079116908177593 0
9.743700647852352 2.2495105434386495 0
9.702957262759965 2.4192189559966772 0
9.659258262890683 2.5881904510252074 0
9.612616959383189 2.7563735581699915 0
9.563047559630355 2.9237170472273672 0
9.510565162951535 3.090169943749474 0
9.455185755993169 3.255681544571567 0
9.396926207859085 3.420201433256687 0
9.335804264972017 3.5836794954530027 0
9.271838545667874 3.74606593415912 0
9.205048534524403 3.907311284892737 0
9.135454576426008 4.0673664307580015 0
9.063077870366499 4.2261826174069945 0
8.98794046299167 4.383711467890774 0
8.910065241883679 4.5399049973954675 0
8.82947592858927 4.694715627858908 0
8.746197071393958 4.8480962024633705 0
8.660254037844387 4.999999999999999 0
8.571673007021124 5.150380749100542 0
8.48048096156426 5.299192642332049 0
8.386705679454241 5.44639035015027 0
8.290375725550417 5.5919290347074675 0
8.191520442889917 5.7357643635104605 0
8.090169943749475 5.877852522924732 0
7.986355100472928 6.018150231520483 0
7.880107536067219 6.156614753256583 0
7.771459614569708 6.2932039104983755 0
7.660444431189781 6.4278760968653925 0
7.54709580222772 6.560590289905073 0
7.431448254773942 6.691306063588582 0
7.313537016191704 6.819983600624985 0
7.193398003386512 6.9465837045899725 0
7.0710678118654755 7.071067811865475 0
6.946583704589973 7.193398003386511 0
6.819983600624985 7.313537016191704 0
6.691306063588583 7.431448254773941 0
6.560590289905075 7.5470958022277195 0
6.427876096865393 7.66044443118978 0
6.293203910498376 7.771459614569708 0
6.156614753256584 7.880107536067219 0
6.018150231520484 7.986355100472928 0
5.877852522924733 8.090169943749473 0
5.735764363510461 8.191520442889917 0
5.591929034707469 8.290375725550415 0
5.446390350150272 8.38670567945424 0
5.299192642332049 8.48048096156426 0
5.1503807491005436 8.571673007021122 0
5.000000000000001 8.660254037844386 0
4.848096202463371 8.746197071393958 0
4.694715627858908 8.829475928589268 0
4.539904997395468 8.910065241883679 0
4.383711467890774 8.98794046299167 0
4.2261826174069945 9.063077870366499 0
4.067366430758003 9.135454576426008 0
3.907311284892737 9.205048534524403 0
3.746065934159122 9.271838545667872 0
3.5836794954530014 9.335804264972017 0
3.4202014332566884 9.396926207859083 0
3.2556815445715674 9.455185755993167 0
3.0901699437494745 9.510565162951535 0
2.9237170472273677 9.563047559630354 0
2.7563735581699915 9.612616959383189 0
2.5881904510252074 9.659258262890683 0
2.419218955996677 9.702957262759965 0
2.2495105434386513 9.743700647852352 0
2.079116908177592 9.781476007338057 0
1.9080899537654492 9.81627183447664 0
1.7364817766693041 9.84807753012208 0
1.5643446504023093 9.876883405951379 0
1.3917310096006545 9.902680687415703 0
1.2186934340514748 9.92546151641322 0
1.0452846326765344 9.945218953682733 0
0.8715574274765835 9.961946980917455 0
0.6975647374412524 9.975640502598242 0
0.5233595624294397 9.986295347545738 0
0.3489949670250108 9.993908270190957 0
0.174524064372836 9.998476951563912 0
6.123233995736766e-16 10 0
-0.17452406437283474 9.998476951563912 0
-0.3489949670250073 9.993908270190957 0
-0.5233595624294384 9.986295347545738 0
-0.6975647374412535 9.975640502598242 0
-0.8715574274765824 9.961946980917455 0
-1.0452846326765333 9.945218953682733 0
-1.218693434051474 9.925461516413222 0
-1.3917310096006514 9.902680687415703 0
-1.5643446504023104 9.876883405951377 0
-1.736481776669303 9.84807753012208 0
-1.908089953765448 9.81627183447664 0
-2.0791169081775913 9.781476007338057 0
-2.249510543438648 9.743700647852352 0
-2.4192189559966755 9.702957262759965 0
-2.5881904510252083 9.659258262890683 0
-2.7563735581699906 9.612616959383189 0
-2.923717047227367 9.563047559630355 0
-3.0901699437494736 9.510565162951536 0
-3.2556815445715643 9.455185755993169 0
-3.420201433256687 9.396926207859085 0
-3.5836794954530027 9.335804264972017 0
-3.7460659341591205 9.271838545667874 0
-3.907311284892736 9.205048534524403 0
-4.067366430758001 9.13545457642601 0
-4.226182617406994 9.0630778703665 0
-4.383711467890775 8.98794046299167 0
-4.5399049973954675 8.910065241883679 0
-4.694715627858905 8.829475928589272 0
-4.84809620246337 8.746197071393958 0
-4.999999999999998 8.660254037844389 0
-5.150380749100542 8.571673007021124 0
-5.299192642332048 8.480480961564261 0
-5.446390350150271 8.386705679454241 0
-5.591929034707467 8.290375725550419 0
-5.735764363510459 8.19152044288992 0
-5.87785252292473 8.090169943749475 0
-6.018150231520484 7.986355100472928 0
-6.156614753256582 7.88010753606722 0
-6.293203910498373 7.771459614569711 0
-6.4278760968653925 7.660444431189781 0
-6.560590289905072 7.547095802227721 0
-6.691306063588579 7.431448254773945 0
-6.819983600624983 7.313537016191707 0
-6.946583704589973 7.193398003386511 0
-7.071067811865475 7.0710678118654755 0
-7.19339800338651 6.946583704589974 0
-7.313537016191704 6.819983600624985 0
-7.431448254773944 6.691306063588581 0
-7.54709580222772 6.560590289905073 0
-7.660444431189779 6.427876096865395 0
-7.771459614569709 6.293203910498374 0
-7.880107536067219 6.156614753256584 0
-7.986355100472926 6.018150231520485 0
-8.090169943749473 5.877852522924733 0
-8.191520442889919 5.73576436351046 0
-8.290375725550415 5.591929034707469 0
-8.38670567945424 5.446390350150273 0
-8.48048096156426 5.299192642332049 0
-8.571673007021122 5.1503807491005436 0
-8.660254037844387 4.999999999999999 0
-8.746197071393958 4.848096202463371 0
-8.82947592858927 4.694715627858907 0
-8.910065241883679 4.539904997395468 0
-8.987940462991668 4.383711467890777 0
-9.063077870366499 4.2261826174069945 0
-9.13545457642601 4.067366430758001 0
-9.205048534524403 3.907311284892738 0
-9.271838545667872 3.7460659341591223 0
-9.335804264972015 3.5836794954530067 0
-9.396926207859083 3.420201433256689 0
-9.455185755993169 3.2556815445715657 0
-9.510565162951535 3.090169943749475 0
-9.563047559630354 2.92371704722737 0
-9.612616959383189 2.756373558169992 0
-9.659258262890681 2.58819045102521 0
-9.702957262759965 2.4192189559966772 0
-9.743700647852352 2.249510543438652 0
-9.781476007338057 2.0791169081775926 0
-9.81627183447664 1.9080899537654497 0
-9.84807753012208 1.736481776669307 0
-9.876883405951377 1.5643446504023097 0
-9.902680687415703 1.391731009600653 0
-9.92546151641322 1.2186934340514755 0
-9.945218953682733 1.0452846326765373 0
-9.961946980917455 0.8715574274765819 0
-9.975640502598242 0.6975647374412552 0
-9.986295347545738 0.5233595624294425 0
-9.993908270190957 0.3489949670250114 0
-9.998476951563912 0.17452406437283435 0
-10 1.2246467991473533e-15 0
-9.998476951563912 -0.1745240643728319 0
-9.993908270190957 -0.34899496702500893 0
-9.986295347545738 -0.5233595624294356 0
-9.975640502598242 -0.6975647374412484 0
-9.961946980917455 -0.8715574274765794 0
-9.945218953682733 -1.0452846326765348 0
-9.92546151641322 -1.2186934340514775 0
-9.902680687415703 -1.3917310096006552 0
-9.876883405951379 -1.5643446504023075 0
-9.84807753012208 -1.7364817766693048 0
-9.81627183447664 -1.9080899537654474 0
-9.781476007338057 -2.079116908177591 0
-9.743700647852352 -2.2495105434386495 0
-9.702957262759965 -2.419218955996675 0
-9.659258262890685 -2.5881904510252034 0
-9.61261695938319 -2.756373558169986 0
-9.563047559630354 -2.923717047227368 0
-9.510565162951535 -3.090169943749477 0
-9.455185755993167 -3.2556815445715683 0
-9.396926207859085 -3.4202014332566866 0
-9.335804264972015 -3.5836794954530045 0
-9.271838545667874 -3.74606593415912 0
-9.205048534524403 -3.9073112848927356 0
-9.13545457642601 -4.067366430757998 0
-9.0630778703665 -4.226182617406993 0
-8.987940462991672 -4.3837114678907705 0
-8.91006524188368 -4.539904997395463 0
-8.829475928589272 -4.694715627858905 0
-8.746197071393956 -4.848096202463373 0
-8.660254037844386 -5.000000000000001 0
-8.571673007021124 -5.150380749100542 0
-8.480480961564261 -5.299192642332048 0
-8.386705679454241 -5.446390350150271 0
-8.290375725550419 -5.591929034707467 0
-8.19152044288992 -5.735764363510459 0
-8.090169943749475 -5.87785252292473 0
-7.986355100472931 -6.0181502315204805 0
-7.880107536067222 -6.156614753256578 0
-7.771459614569711 -6.293203910498373 0
-7.660444431189781 -6.4278760968653925 0
-7.5470958022277195 -6.560590289905075 0
-7.431448254773942 -6.691306063588582 0
-7.313537016191707 -6.819983600624983 0
-7.193398003386511 -6.946583704589973 0
-7.071067811865477 -7.071067811865475 0
-6.946583704589976 -7.193398003386509 0
-6.819983600624986 -7.313537016191704 0
-6.691306063588584 -7.43144825477394 0
-6.560590289905077 -7.547095802227717 0
-6.427876096865396 -7.660444431189779 0
-6.293203910498372 -7.771459614569711 0
-6.156614753256582 -7.88010753606722 0
-6.018150231520483 -7.986355100472928 0
-5.877852522924733 -8.090169943749473 0
-5.735764363510464 -8.191520442889916 0
-5.591929034707474 -8.290375725550414 0
-5.44639035015027 -8.386705679454241 0
-5.29919264233205 -8.480480961564258 0
-5.150380749100545 -8.571673007021122 0
-5.000000000000004 -8.660254037844384 0
-4.848096202463377 -8.746197071393954 0
-4.6947156278589075 -8.82947592858927 0
-4.539904997395469 -8.910065241883679 0
-4.383711467890778 -8.987940462991668 0
-4.226182617406991 -9.063077870366502 0
-4.067366430758001 -9.13545457642601 0
-3.9073112848927383 -9.205048534524403 0
-3.746065934159123 -9.271838545667872 0
-3.583679495453007 -9.335804264972015 0
-3.4202014332566932 -9.396926207859082 0
-3.2556815445715666 -9.455185755993169 0
-3.0901699437494754 -9.510565162951535 0
-2.9237170472273704 -9.563047559630354 0
-2.756373558169989 -9.61261695938319 0
-2.5881904510252065 -9.659258262890683 0
-2.419218955996678 -9.702957262759965 0
-2.2495105434386526 -9.743700647852352 0
-2.079116908177598 -9.781476007338055 0
-1.908089953765446 -9.81627183447664 0
-1.7364817766693033 -9.84807753012208 0
-1.5643446504023106 -9.876883405951377 0
-1.3917310096006583 -9.902680687415703 0
-1.2186934340514806 -9.92546151641322 0
-1.0452846326765424 -9.945218953682733 0
-0.8715574274765825 -9.961946980917455 0
-0.6975647374412558 -9.975640502598242 0
-0.5233595624294342 -9.98629534754574 0
-0.34899496702500754 -9.993908270190957 0
-0.17452406437283496 -9.998476951563912 0
-1.8369701987210296e-15 -10 0
0.1745240643728313 -9.998476951563912 0
0.34899496702500393 -9.993908270190957 0
0.5233595624294306 -9.98629534754574 0
0.6975647374412521 -9.975640502598242 0
0.8715574274765789 -9.961946980917455 0
1.0452846326765388 -9.945218953682733 0
1.2186934340514768 -9.92546151641322 0
1.3917310096006543 -9.902680687415703 0
1.5643446504023069 -9.876883405951379 0
1.7364817766692997 -9.848077530122081 0
1.908089953765442 -9.816271834476641 0
2.0791169081775944 -9.781476007338055 0
2.249510543438649 -9.743700647852352 0
2.419218955996674 -9.702957262759966 0
2.588190451025203 -9.659258262890685 0
2.7563735581699857 -9.61261695938319 0
2.9237170472273677 -9.563047559630354 0
3.0901699437494723 -9.510565162951536 0
3.255681544571563 -9.45518575599317 0
3.4202014332566906 -9.396926207859083 0
3.583679495453004 -9.335804264972017 0
3.7460659341591196 -9.271838545667874 0
3.907311284892735 -9.205048534524405 0
4.067366430757998 -9.13545457642601 0
4.226182617406988 -9.063077870366502 0
4.383711467890774 -8.98794046299167 0
4.539904997395467 -8.91006524188368 0
4.694715627858904 -8.829475928589272 0
4.848096202463372 -8.746197071393956 0
5 -8.660254037844386 0
5.15038074910054 -8.571673007021124 0
5.299192642332047 -8.480480961564261 0
5.446390350150266 -8.386705679454243 0
5.59192903470747 -8.290375725550415 0
5.7357643635104605 -8.191520442889917 0
5.877852522924729 -8.090169943749476 0
6.01815023152048 -7.986355100472932 0
6.156614753256577 -7.880107536067223 0
6.293203910498368 -7.771459614569714 0
6.4278760968653925 -7.660444431189781 0
6.56059028990507 -7.547095802227722 0
6.691306063588584 -7.43144825477394 0
6.819983600624986 -7.313537016191704 0
6.9465837045899725 -7.193398003386512 0
7.071067811865475 -7.071067811865477 0
7.193398003386509 -6.946583704589976 0
7.3135370161917015 -6.819983600624989 0
7.431448254773937 -6.691306063588588 0
7.5470958022277195 -6.560590289905074 0
7.660444431189779 -6.427876096865396 0
7.771459614569711 -6.293203910498372 0
7.88010753606722 -6.156614753256582 0
7.986355100472928 -6.018150231520483 0
8.090169943749473 -5.877852522924733 0
8.191520442889916 -5.735764363510464 0
8.290375725550414 -5.591929034707474 0
8.386705679454241 -5.44639035015027 0
8.480480961564258 -5.29919264233205 0
8.571673007021122 -5.150380749100545 0
8.660254037844384 -5.000000000000004 0
8.746197071393954 -4.848096202463377 0
8.82947592858927 -4.694715627858908 0
8.910065241883679 -4.539904997395469 0
8.987940462991668 -4.383711467890778 0
9.0630778703665 -4.226182617406992 0
9.13545457642601 -4.0673664307580015 0
9.205048534524403 -3.9073112848927387 0
9.271838545667872 -3.746065934159123 0
9.335804264972015 -3.5836794954530076 0
9.396926207859082 -3.4202014332566937 0
9.455185755993169 -3.255681544571567 0
9.510565162951535 -3.0901699437494763 0
9.563047559630354 -2.9237170472273712 0
9.612616959383189 -2.7563735581699893 0
9.659258262890683 -2.588190451025207 0
9.702957262759965 -2.4192189559966786 0
9.743700647852352 -2.2495105434386535 0
9.781476007338055 -2.079116908177599 0
9.81627183447664 -1.9080899537654465 0
9.84807753012208 -1.736481776669304 0
9.876883405951377 -1.5643446504023113 0
9.902680687415703 -1.3917310096006588 0
9.92546151641322 -1.2186934340514812 0
9.945218953682733 -1.045284632676543 0
9.961946980917455 -0.8715574274765832 0
9.975640502598242 -0.6975647374412565 0
9.98629534754574 -0.5233595624294348 0
9.993908270190957 -0.34899496702500815 0
9.998476951563912 -0.1745240643728356 0