
9.690666385600725 0
3.451152207719077 0
4.543125494194467 0
9.11673668523207 0
3.5115663607381298 0
4.614957175995648 0
9.748885296604273 0
8.761607212474628 0
6.7371929062003 0
1.2927719808139926 0
6.82398512581221 0
8.0963734910514 0
9.951869540573911 0
8.38289994124718 0
1.0417520496944477 0
4.128936899779767 0
1.680876580842634 0
4.369729885848233 0
7.946433253553434 0
5.422287077824402 0
3.375610602514313 0
6.18857437695859 0
6.8954943731065566 0
2.402569900636676 0
1.3411373771521018 0
6.619104001361919 0
2.162795017144137 0
4.297458763443689 0
2.5834892111275085 0
6.388421971710889 0
3.066038674292443 0
4.440930430666316 0
7.459570296395032 0
8.863670604583954 0
2.8909337747754726 0
5.21191016469606 0
2.0893803371420825 0
3.265269203534128 0
3.876063796864011 0
0.153601910622706 0
6.578122431564722 0
7.772969205454396 0
1.5608405689649651 0
5.35964883579271 0
3.55755507487882 0
2.509488811293478 0
4.078088512683483 0
3.1529904610290824 0
0.5793077464077534 0
8.90274505388204 0
2.7387059036542083 0
0.3380454838396685 0
6.654892927219062 0
8.086578880006064 0
9.527847264262054 0
1.0684090248365619 0
8.678639537261102 0
3.4184606169520837 0
9.85355965947558 0
2.5507545035813584 0
3.422644700874482 0
1.7918396156977168 0
2.395280806132234 0
0.22418274602674093 0
9.80510722525787 0
8.398096849673948 0
6.504976943886627 0
0.6130008967060263 0
6.223640271908367 0
9.007712838992122 0
1.3283611046234667 0
5.336564198269259 0
2.1765306237211792 0
1.6987789238796769 0
3.613472774962733 0
1.1621666760514526 0
3.5329715446022716 0
3.037079410465955 0
1.7931772259422596 0
7.600362181140384 0
4.857969280534517 0
8.194413024049176 0
3.3699651132771757 0
3.9265100444357284 0
1.247066078770358 0
1.1991715507593481 0
9.117410355828252 0
7.922959573809576 0
7.985729226341015 0
2.1039847210705998 0
6.531826695351651 0
7.712947148926656 0
7.202086603706861 0
4.911125966671424 0
6.42200967239945 0
1.6978758200726585 0
3.8148459576172677 0
9.791162175070813 0
8.301259374493354 0
1.5519983219989664 0
4.209902666627917 0
8.019079007733973 0
7.022441684319843 0
9.266948944754393 0
2.6450013116970386 0
2.9014483696058235 0
6.9878532674389495 0
7.190538627316965 0
2.004112781576448 0
4.650518359004597 0
6.662091753570314 0
7.61297225552822 0
9.631821764596372 0
1.9533491593269836 0
5.222324842160328 0
2.988933652478175 0
6.216617005976875 0
0.5985654840300969 0
2.421355710727968 0
5.585466598440252 0
7.920258729688139 0
2.153370516490095 0
0.38798985791260177 0
7.03259298956529 0
1.487639232620247 0
0.4641172514333136 0
6.349582138580879 0
4.967260693922535 0
3.023244404602975 0
0.8147088708996897 0
6.869588835754193 0
8.959126122018157 0
5.122851189211576 0
9.1690135542525 0
5.503639171174536 0
4.9964330267946195 0
7.9015702750356756 0
9.775391067057969 0
7.561372756117986 0
9.12530933914591 0
0.9922508238301186 0
3.545483103960907 0
9.38546471748715 0
7.982871435257834 0
3.1796699929058434 0
4.648281891147674 0
6.4085344405213815 0
5.120618359951115 0
5.772399229924334 0
0.7829496454806917 0
9.37169558945823 0
1.0627716493607453 0
0.988077883532934 0
5.092148572421085 0
6.085506516928218 0
1.7265436128685174 0
5.466447893690712 0
6.2723138812943535 0
9.837307229592437 0
1.5496020719791537 0
4.560386546239073 0
9.738603988690928 0
0.10432371752221559 0
9.31243343628444 0
9.68028365530431 0
3.529329502778179 0
8.800148628780558 0
4.424523866550825 0
7.816441613076481 0
6.990312041797915 0
3.1611413660913454 0
3.742983941670428 0
7.293749843447214 0
8.499245381498483 0
5.124497758762937 0
8.083423042193118 0
3.818714066661637 0
8.576533830416084 0
0.24725775383360293 0
1.3279604196016848 0
0.39656551881423807 0
9.7595735024441 0
6.675140589017231 0
3.195476997452639 0
9.189118791192815 0
1.6724318014009387 0
5.477132211537899 0
8.722128337717054 0
7.685870481456929 0
2.1840035677287806 0
9.186057035103998 0
6.851833847244116 0
6.154766645412611 0
6.316769941276372 0
5.56620700251036 0
2.4057664108424093 0
5.527707001790567 0
1.90109017626777 0
4.266597861444458 0
0.9229048523926731 0
3.446737329663707 0
4.242283785692912 0
2.481951238289809 0
2.4375627516318232 0
6.046639283438584 0
7.036646804097542 0
2.753196680754483 0
9.65794023566585 0
9.147938468565023 0
4.883321842339101 0
5.567809339025308 0
7.692563875989299 0
2.1338566811991253 0
5.81137891215401 0
0.8113205686009284 0
4.788100023222572 0
2.7557511468358467 0
2.3729340817619904 0
8.340465459440429 0
9.429374560539847 0
6.3695898419250705 0
2.480605698043068 0
8.728255835092083 0
4.903510547704549 0
9.792025301209174 0
7.671957238037148 0
6.114650743318167 0
0.3094201427629839 0
5.944597861494323 0
9.322147659334794 0
2.2004610301805796 0
4.7855015946860195 0
7.542465094131351 0
9.724109831211841 0
8.869557801216466 0
5.850631181529733 0
3.0943138988182906 0
6.914405637419349 0
0.0907219540287929 0
4.808959532647941 0
4.349780871718096 0
5.636717014113079 0
4.672761399644871 0
9.710908327172671 0
1.417816470305353 0
8.087825983158886 0
3.742215119364185 0
6.285056457864765 0
6.785634800476055 0
6.014906555358364 0
9.541584012513049 0
9.96067153753982 0
2.536652438089174 0
3.6597324067888604 0
5.357520079665974 0
9.798816295810461 0
8.976386211934493 0
7.88914840602231 0
3.9592530571266273 0
5.669560614954695 0
8.489126389931588 0
6.088273034743227 0
6.578274908019363 0
4.6737865464377135 0
9.865134238589864 0
2.209699240283797 0
3.946277581376174 0
3.0649368550954046 0
2.3282490592669394 0
0.4603269419968259 0
6.769470384764377 0
8.94599995853812 0
5.593951825073857 0
8.480499978942298 0
6.857290280889318 0
8.432992183205911 0
1.4764529527539638 0
7.4019579321251445 0
0.9950322212004303 0
8.122625876582246 0
1.8016105856284803 0
8.151546765597127 0
1.3649556206865299 0
5.253234551648252 0
5.989393511527929 0
4.049250988050293 0
3.681252300613936 0
0.3731386956098959 0
4.138468747807219 0
7.885065701698699 0
6.260257329336736 0
4.862211050863726 0
3.6295031457802738 0
1.0190585327128632 0
0.8790440397489785 0
7.1050179461064396 0
4.707103875096577 0
6.616201764004295 0
8.311935742087796 0
8.586530615834567 0
9.710985223769438 0
2.968267201847369 0
0.19415624784821284 0
7.321498665382263 0
6.582643118628072 0
1.1746430413197262 0
6.961211485165172 0
5.827312774257447 0
3.1405782063407717 0
9.768142703592549 0
7.337900109578333 0
7.514966869722642 0
7.439225123182968 0
3.6598908015054024 0
0.26946343776595993 0
7.126469064271324 0
9.762014427322354 0
7.4794913124846225 0
0.276256083715668 0
2.1150043857680534 0
5.998570499357548 0
1.5821462669328012 0
7.2287216714515266 0
0.7383609153672444 0
6.037423009969274 0
5.638652100205692 0
4.653096594024603 0
1.1200586141023627 0
5.573205555518221 0
1.8146216038215057 0
4.4793758323298505 0
3.223170976221609 0
5.345315017938938 0
4.284563515097217 0
5.325540394376208 0
4.535249467876074 0
8.72773394724019 0
4.266792669709092 0
5.629331862540293 0
0.2703172732179926 0
8.268975281193514 0
3.6214402921186317 0
7.486362200815209 0
5.69566380947588 0
6.1686584068379 0
9.268688613141777 0
6.890639041209001 0
3.061316868172348 0
5.098319322921561 0
4.68934565289198 0
8.076702076387244 0
5.827265162460545 0
0.5571747474180022 0
2.884909619080298 0
3.0145458329486354 0
3.6921105986736724 0
0.1387893565747622 0
8.154621817004575 0
7.595173727060108 0
8.83024457204332 0
6.300340291167811 0
7.200874613717811 0
5.807429524961413 0
3.0147484026643214 0
7.637676007437179 0
7.094715951606608 0
9.47719248011504 0
4.0798901548994095 0
8.8470191540836 0
5.462309704919578 0
9.723733042953603 0
9.09765034021696 0
4.038137834659215 0
2.5378352441381247 0
3.150344698891937 0
5.630847939892454 0
7.076516380564122 0
7.614825013012582 0
3.5752263752424707 0
8.406818877794919 0
7.339492330881292 0
5.826021551350422 0
1.2771345862644545 0
3.878284619925033 0
8.99832061272402 0
4.495450801180713 0
1.2642781891956156 0
9.795316000335463 0
4.669436459966381 0
8.611979538410834 0
1.061516941294196 0
3.2357003290940014 0
2.6702567319277373 0
7.889657211574952 0
8.443966815651489 0
2.1354230986506795 0
1.2178157129230116 0
1.7676230070980226 0
4.4897519466228655 0
9.083285183233404 0
3.6741624629294876 0
3.3384819791100306 0
8.958082910587446 0
1.837169402103842 0
9.04960678560975 0
3.153738203661746 0
8.949746044938532 0
4.262426609167898 0
3.991524273853254 0
3.1453658393947794 0
5.55033894437997 0
2.6700700094174623 0
9.8436830511335 0
6.656825219646398 0
8.588144761583708 0
9.206175724930784 0
0.9088873470817915 0
1.07558924338361 0
1.1469568533529617 0
6.112389216332929 0
6.294382945732587 0
8.055152089562407 0
9.521236215941896 0
8.426130888905877 0
2.292744334460317 0
9.314288272230707 0
2.865814867618134 0
1.7498619091545164 0
6.464350641194904 0
8.868303973365707 0
4.682632065440366 0
1.4832805296543283 0
1.5956323758816726 0
9.173766160282037 0
2.1372608126369066 0
1.0898622837779537 0
7.0124422863011375 0
8.339851684914098 0
2.356668287432372 0
2.47983261725208 0
8.657466454552235 0
9.891636877358499 0
8.682016169005252 0
4.3165760502142305 0
5.331287770168284 0
7.878060282435534 0
3.4444754761500285 0
5.377087100566428 0
6.728765922574407 0
4.885878672702813 0
7.865646300865187 0
6.4573255054305845 0
2.0337584326861116 0
7.919661911658686 0
7.447612376607965 0
5.357928239047274 0
5.822635452109296 0
0.0995022545177604 0
0.693210563494514 0
4.778667135326908 0
2.098046201518083 0
2.6739845965520592 0
9.049859059490963 0
3.467945922739056 0
4.1402944123741205 0
2.186638568697 0
6.119935249281854 0
6.503787581130664 0
8.191067168861649 0
9.963249650000572 0
0.2414446980530338 0
4.578122396844613 0
9.876979582697935 0
9.381545341625044 0
9.719868831958768 0
4.150904491090262 0
6.291235244321602 0
1.6082241218480076 0
1.3861420976822958 0
1.534875607109819 0
2.4643330686059137 0
1.0939472172201636 0
2.0533882625049147 0
7.730827000595944 0
7.204393005752481 0
1.6492265495109026 0
8.1573000047786 0
1.6150529498344723 0
5.749653298573065 0
0.23551637910897427 0
6.249847025642753 0
1.4283006096494189 0
8.191244830658269 0
2.805534969964399 0
9.559123834411306 0
9.974452523345986 0
2.971990339764109 0
6.584392407059864 0
6.740743259281251 0
6.913320986834762 0
3.0229390427776015 0
5.10466859870675 0
1.448703663568367 0
0.06700582175934278 0
1.5533861947860017 0
2.3003176467871533 0
2.3868391341316464 0
6.827531463552221 0
2.2846692992150865 0
0.46515822363270565 0
3.3430893191024214 0
2.984178658702569 0
4.088656468749596 0
6.09670126130188 0
8.507754292351297 0
7.853928003289553 0
4.810690608250364 0
4.066576298408582 0
1.604103234021138 0
2.933282801081311 0
2.0735851992908128 0
9.65908453856667 0
3.5458599928878787 0
6.795200749822556 0
2.8076763952437167 0
1.9024009781765394 0
6.115536923566912 0
5.355471907591403 0
7.852059274650955 0
8.550620826489856 0
8.114764074331088 0
6.91903159772729 0
3.9844565591958814 0
5.782469970593123 0
6.6794687204339676 0
4.911674932057387 0
5.379830785161587 0
4.789696645866299 0
7.896199579869069 0
5.656994951078786 0
9.720129706725324 0
0.8749890548886374 0
2.7668417398496126 0
1.7901881500042272 0
2.160367434534659 0
6.926977874781609 0
8.116400390207833 0
8.057649341292848 0
6.269265970585359 0
8.622317746143777 0
5.115995379815681 0
0.01953878726613234 0
4.987733116359864 0
1.6717759079644323 0
5.235141062794017 0
0.05552569813887076 0
8.498713420976626 0
2.865300378217687 0
2.181178006137455 0
2.5178816038671856 0
7.9026255410438795 0
8.456544264261371 0
8.337178206048382 0
4.700314990691189 0
6.132078723418135 0
1.223084864306605 0
0.6288860088104309 0
8.83198394163408 0
7.469359674306872 0
2.625701804203696 0
4.869396275591983 0
9.051096711776536 0
5.72348289160708 0
9.085232714809157 0
0.2147083256947191 0
4.940166223788248 0
0.9509448456697456 0
8.781864404487646 0
9.395548274329096 0
4.0450618380190715 0
5.428688237124496 0
3.2523811192975396 0
5.564669476969924 0
3.345207881320146 0
9.203110863901639 0
3.542389645623839 0
3.745617475222889 0
4.448403817275542 0
4.992109757534125 0
4.697434152785503 0
8.96737817118401 0
8.055960165940244 0
2.4143165431863767 0
7.424277489926837 0
0.022707584889608556 0
8.961442754711417 0
3.409162081951771 0
3.940572656456456 0
7.466207672235866 0
4.058161636582573 0
4.697380632354019 0
5.30433543792479 0
5.665942988839056 0
9.269666431998587 0
8.83177329827323 0
8.77355460345317 0
5.710367098611861 0
5.392164986457097 0
8.68599873605155 0
6.803562992234412 0
5.565044933671457 0
6.763757462517886 0
1.7101684882001167 0
4.932285015207504 0
0.046750391239998024 0
8.282317072066235 0
8.89991304727722 0
9.263549906249931 0
8.646342399925262 0
8.059926236204477 0
6.26669396302162 0
9.179767363968574 0
4.428050449924829 0
5.29133440188478 0
0.7228938998337231 0
3.7501296071891312 0
1.9164343909965664 0
5.737747652560823 0
5.730585223695936 0
5.6812050225827875 0
8.45069066952864 0
4.681123297293803 0
5.440916018719012 0
3.0078113609476977 0
6.696252156234758 0
4.223183751982718 0
0.6647889508726335 0
9.704545932511442 0
5.725291875894115 0
4.557842251242983 0
2.367834207529124 0
1.1227957517101073 0
2.988686250447863 0
7.7476081150135965 0
2.2643258135022695 0
1.96706328926059 0
3.824020015709845 0
3.56725233178137 0
4.687527622909561 0
0.10967493002504991 0
3.3797437274429476 0
3.2499426791746755 0
5.261357451228742 0
7.0926897820636245 0
7.0050070326542135 0
4.256527197775247 0
0.42027104746526156 0
9.258996717057862 0
7.928956237039959 0
5.191078325918558 0
1.6767430676726969 0
2.8337242737967747 0
1.5165124180426859 0
2.16076631970889 0
9.155123608813657 0
5.021379294087057 0
2.6849902602943363 0
0.1679963592108491 0
5.87132806772856 0
7.509532005490403 0
2.0525034449706867 0
4.222745077685245 0
4.090976207897528 0
7.967598921668982 0
9.60816588004634 0
5.732317039177329 0
8.748725648699413 0
5.017778529844987 0
6.232541092920267 0
4.071475960193882 0
3.0697807526567003 0
6.9026880419051295 0
2.4059497861461288 0
6.4435788523278585 0
1.5854465544527574 0
0.015360374233317486 0
8.744538379050487 0
8.95109936456999 0
7.653163804800465 0
9.912891080614251 0
3.326296386994614 0
1.4327452663363505 0
9.533148609047165 0
1.4217329931714096 0
7.871848908530534 0
5.836194658567764 0
2.6894892609645913 0
7.343054220373766 0
8.272640773017766 0
5.523539125492253 0
5.214077130119677 0
4.316261078658982 0
0.8369486707075069 0
7.415344635427208 0
7.443735695423622 0
5.8007668283960925 0
7.784777281376045 0
1.0004413623936026 0
8.151906003973483 0
6.974137882545123 0
2.6161007028568903 0
6.837693986243419 0
7.149676318441804 0
1.3876349597473714 0
4.389760088434201 0
8.394149760697113 0
0.5672173671716607 0
0.3996772699059914 0
5.7192552685534634 0
7.394134290996426 0
1.1248985225073271 0
7.186786171594549 0
8.80952326812882 0
2.051025308849269 0
0.6135090090260853 0
6.204493022923327 0
1.433868775667504 0
5.006706981527954 0
0.4176668950471174 0
2.837369904645559 0
9.057078651720186 0
0.4937860619258605 0
9.002239643470158 0
0.6178173949485233 0
0.8374351681695724 0
7.319805855949274 0
0.4949405841142873 0
9.961581405349316 0
7.0281740932847985 0
8.476525576479435 0
5.895306566162791 0
7.313928635009449 0
1.0001407019741826 0
4.012212536175453 0
9.424770350914795 0
8.510196998966244 0
8.00398970414257 0
2.837059043007988 0
4.253439426258466 0
7.693905495971109 0
6.752246931093184 0
6.7948676503868715 0
6.1110723065073795 0
5.438686030701242 0
9.395818163858932 0
9.182334391845053 0
5.06112211333535 0
2.0462217598562815 0
4.09933471518773 0
3.0357207553136134 0
7.110120452400941 0
3.059587575519637 0
4.392524167907381 0
9.269712480853778 0
0.1378358509933575 0
5.161608377201743 0
5.847529347246625 0
8.609145264800583 0
8.597045574352194 0
4.860076868398918 0
1.035395608901466 0
5.763888792530282 0
8.19064707222209 0
6.725972707622664 0
1.0338592595144958 0
5.301996057937868 0
4.368434029040787 0
3.8781482758883556 0
8.94319796106063 0
9.296188859115214 0
9.7934915106475 0
6.541866037403043 0
8.004810829488841 0
1.3642971319320774 0
2.9955703945034653 0
5.625157069968729 0
8.154228380780106 0
9.781491786798448 0
6.538650007095229 0
5.813249586068599 0
1.048794607388247 0
6.012370851993754 0
0.5452567911493866 0
7.227227160683652 0
9.736568284839336 0
5.580208356052178 0
1.393358481603284 0
5.036446660882861 0
5.522763407995378 0
2.8359823685333385 0
4.283573010214314 0
5.809327584114712 0
6.606203738745552 0
0.026510639852362905 0
9.935282956189653 0
2.5055842964020814 0
8.482420474923334 0
0.4269288556179718 0
2.423363076127395 0
3.2913340777591094 0
4.562832668063857 0
0.1195606900020052 0
1.3881193431156469 0
3.980645335884164 0
1.490760801720623 0
4.626707849833135 0
5.576384821513061 0
9.519987799007803 0
7.579585378407465 0
2.156287276662642 0
4.019266430278 0
3.080470228351231 0
9.614334174945938 0
9.182218002172464 0
8.872469937034671 0
7.685760604189102 0
1.5514770024479818 0
5.414377928193215 0
6.9151171230811705 0
2.4976311965459876 0
8.834424404147166 0
0.33472248704367047 0
9.594375974666008 0
4.911441502942044 0
4.260854613688172 0
7.916942435249476 0
5.256162117554771 0
0.6021743163572013 0
9.187140626214275 0
2.8229287275918145 0
4.899159808045508 0
9.476734494175698 0
5.880029087278013 0
6.888325250465769 0
0.6701706740485802 0
4.722976826861349 0
3.060518745101163 0
2.140158829237946 0
2.050617787364936 0
0.7170582758993782 0
7.3727570948718615 0
5.917520658530123 0
7.408796969021494 0
5.184272180390281 0
1.4907218615121964 0
3.4870586574410867 0
3.1662862869042065 0
5.340210031726013 0
7.062900557190374 0
2.8028228775245 0
9.730340891994953 0
4.420806733129934 0
0.06053812815622117 0
1.479180904224463 0
8.221149920086967 0
8.038035712111036 0
6.11001752702496 0
5.015272343578475 0
7.066375062044053 0
5.583721345795155 0
9.569863376117677 0
4.135462503454823 0
7.0644233156498695 0
9.451934149043879 0
3.2336066542949347 0
4.51350176764305 0
2.568754356760088 0
6.404796391285572 0
0.7686722441942662 0
0.5280002485159196 0
9.693963823111194 0
2.5116844214392087 0
5.245793811930559 0
6.178182558279142 0
7.969705648944704 0
8.564266254937028 0
0.9052915275132034 0
4.79345045047821 0
8.343515126990944 0
0.37640501833006823 0
3.841258280858202 0
9.370540328490637 0
5.5518189844712555 0
7.800802284458115 0
5.38711636303765 0
5.273527102266278 0
2.225718087063715 0
6.063187235217807 0
9.821258890373283 0
2.8355218605352484 0
2.1655251140098306 0
0.5570167593810893 0
7.233985711568386 0
1.9759637492175541 0
5.535515885946999 0
7.599965647650432 0
4.232502958026519 0
5.249927627416676 0
1.9592757961085605 0
1.5929305904271485 0
6.352663882561213 0
4.357586734094728 0
2.189094018444091 0
5.9118479824508565 0
9.034303623147478 0
8.52433489071818 0
9.567555795754517 0
7.426125368518303 0
2.8381221472745732 0
0.05130510887198181 0
3.133129785941727 0
4.7801445561853555 0
9.660271253956129 0
4.454592196499119 0
3.5936190343797048 0
6.441517911728198 0
6.779087984341735 0
1.6392941613455059 0
0.10524270337467057 0
2.4421719314861257 0
2.842264491614279 0
1.811524571527745 0
1.4186934607467139 0
9.087951368706316 0
3.178937953545379 0
5.07987744497261 0
7.449881855335453 0
1.8620016823011853 0
0.8563332142088442 0
1.8049317038824597 0
4.538681852867185 0
7.294741193883486 0
5.800173297567177 0
2.8745796967475066 0
6.335341558084355 0
6.17739912570384 0
7.968286185217071 0
1.4860187541788172 0
3.1056382365324344 0
2.8603533421617664 0
2.375738685193849 0
1.7950787267907076 0
0.019832280480751585 0
6.283317763217795 0
8.379228134960801 0
1.6798167000316155 0
3.4318348645303 0
5.564753722946595 0
9.467154243772319 0
6.227371946470136 0
0.8998822904216652 0
5.661899469195947 0
4.811409033866145 0
1.8661160324241366 0
1.6689971975554219 0
3.3199731987747727 0
9.748845913974746 0
2.6905896163833587 0
6.031642148517861 0
4.229336297871305 0
7.86386701555572 0
3.8541604764593105 0
8.42083916855708 0
1.050039192710226 0
1.3374553852682391 0
8.127307427551342 0
2.9896461392926 0
8.467336031480983 0
5.29347788232346 0
9.655523326601271 0
2.8065318146047122 0
0.9643018115153357 0
4.64232689445106 0
3.803807897142182 0
8.399477177281632 0
8.11171045044195 0
2.0251096941320967 0
3.1407123427095875 0
2.1173411930533117 0
9.986583949430562 0
2.4633013899724396 0
4.25602377077139 0
2.0010012279512166 0
2.864916716862588 0
5.811601349557321 0
6.798001540936507 0
4.3237499995594995 0
7.4889040726098735 0
9.410898759463649 0
2.4882963696854654 0
7.419492382825355 0
