
 1 143 0 
 2 15 491 
 3 1 1492 
 4 1 2877 
 5 1 4573 
 6 1 6356 
 7 1 8220 
 8 1 9944 
 9 1 11764 
 10 1 13733 
 11 1 15654 
 12 1 17627 
 13 1 19522 
 14 1 21396 
 15 1 23282 
 16 1 25238 
 17 1 27158 
 18 1 29066 
 19 1 30979 
 20 1 32906 
 21 1 34779 
 22 1 36721 
 23 1 38684 
 24 1 40655 
 25 1 42523 
 26 1 44379 
 27 1 46300 
 28 1 48209 
 29 1 50216 
 30 1 52047 
 31 1 53976 
 32 1 55800 
 33 1 57696 
 34 1 59620 
 35 1 61576 
 36 1 63501 
 37 1 65323 
 38 1 67154 
 39 1 68993 
 40 1 70863 
 41 1 72717 
 42 1 74504 
 43 1 76313 
 44 1 78173 
 45 1 80027 
 46 1 81797 
 47 1 83675 
 48 1 85443 
 49 1 87252 
 50 1 89141 
 51 1 91021 
 52 1 92849 
 53 1 94654 
 54 1 96491 
 55 1 98291 
 56 1 100123 
 57 1 101899 
 58 1 103640 
 59 1 105405 
 60 1 107231 
 61 1 109008 
 62 1 110755 
 63 1 112540 
 64 1 114339 
 65 1 116102 
 66 1 117904 
 67 1 119669 
 68 1 121395 
 69 1 123177 
 70 1 124986 
 71 1 126736 
 72 1 128452 
 73 1 130178 
 74 1 131926 
 75 1 133635 
 76 1 135342 
 77 1 137009 
 78 1 138743 
 79 1 140486 
 80 1 142216 
 81 1 143883 
 82 1 145557 
 83 1 147263 
 84 1 148988 
 85 1 150640 
 86 1 152252 
 87 1 153840 
 88 1 155532 
 89 1 157288 
 90 1 158908 
 91 1 160608 
 92 1 162217 
 93 1 163954 
 94 1 165616 
 95 1 167283 
 96 1 168800 
 97 1 170383 
 98 1 172028 
 99 1 173633 
 100 1 175200 